150 15
 4 17  1 23 14  7  2  1 12 99  6 94  7 79  9 66 10 54  3 47  8  9 13 39  5 19 11 77  0 38
13 60  1 34  8 31 14 23  0 61 10 74 12 33  6 17  7 13  9 94  5 29  3 16  2 45 11  1  4 63
 5 99 14 71  8 95 11 25  6 66 10 62  2 79 13 89  3 21  7 51 12 52  4 53  9 88  0 72  1 18
 8 53 10 54 11 36  6 23  7 73 12 81  9 17  4 52  5 94  1 49  3 51  0 60 13 76  2 63 14 53
14 51  2 61 12 58  1  5  7 74  5  9 10 95 11 25  8 76  0 65  3 90  9 99  4 21 13 12  6 96
10  6 14  2  4  6  1 92  3 74  0 52  7 80 11 11  8 53  9 18  2 83 13 33 12 23  5 97  6 26
14  1  8 61  4 95 12 58 10 54 13 96 11 93  2 50  1  7  5  2  7 85  0 98  3 94  9 83  6 29
13 91  8 46  4 29  3 87 12 16  1 65  5 18 10 63 14 26 11 20  2 78  7 20  6 95  9 29  0  4
11 41  5 47  8 97 10 97  6  2 12 79  9 63  2 77 14 66  3 39  1 99  0  6 13 93  7 22  4 85
 1  2 13 81 11 13  7 86  5 12  0 36  2 22  8 71 12 34 14 59  4 81  6 34  9 75  3 75 10 65
 4 34 10 38  7 97  0 99 13  4 14 73  6 53  3 29  5 16  2  6 12 81  8 38  1 97  9 96 11 95
 9 21  6 61  5 37  3 26 10 84  2 94  4 98  1 27 12 96  8  9 14 92  0 31 11 53 13 35  7 16
13 17  2 75  8 85  9 75  7 96 14 11 11 37  6  8  1 85 12 52 10 33  0 82  4 55  3 85  5  7
10  8  8 13  3 53  5 52 11 43  0  4 13  7  4 38  6 61  1  8  2 91 14 64 12 22  7  1  9 10
 7 15  9 80  1 71 10 43  3 75 11 50  0 27  2 66 14 93 13 68 12 76  4 28  8 93  6  7  5 71
14 81  9 37  0 15  5 68  4 29  1 30 13 94 10 22  7 63 11 76 12 80  8 71  3 62  6 42  2 75
11 19  0 22  1 87  4 94 10 30 12 91  8 90  3 95  6 96  2 10  7  6  9  8 14 60  5 61 13 19
 0 30 10 17  6 29  8 38 12 18  7 38  3 98  5 65 13 16  2 61  1 14  4 17  9 80 11 98 14 58
13 92 12 54  2  4  1 10 11 71 14 77  5 74  8 41  7 74  6 63  4 34  3 14  0 39  9  7 10 38
 5 37  6 31 10 67  4 91 13 60  2 11  9 32 11 68  8 73  1 15  0 50  7 45  3 93 14  2 12 70
 9 72  1 97  2 72 10  6  3 54 13 45  6 80 12 78 11 71  5 35  0 14 14  5  7 47  4  2  8 96
 2 66 11 72  3 91  8 66 13 99 14 98  7 21  0 80  5  1  4 93 10  8  9 48  6 44  1 27 12 91
13 62  7 68  6 76  2 84 12 55 14 76 10 95  8 89  3 85  1 76  4  1  9 24  5 11 11 52  0 60
 8 69 11 74  5 80  7 28  3 25  4 66  6 95  2 46 12 80 14 49  1 68 10 40  9 27  0 53 13 57
 5 36  0 78  7  4 13 21 12 27  6 61  8 51  2 92  3 74  1 48  9 47 14 98  4 32 11  5 10 86
 1 52  5 98 12 13  3 88 13 13  8  4  0 67  7 72  2 51  9 57 11 10  6 72 14  1 10 86  4 58
 2 36 13 12 11 40 12 65 10 47  6 86  7 70  8 28  3 48  4 40  0 28  9 73 14 96  5 67  1  4
 0 68  6 43  5 41  1 18 10 30  4  8 11 58  3 46  7 11 14 62 13 69  9 57  2 53 12  5  8 70
 8 26  0 12 14 55  5 42  1 55  4 77 11 16 13  7  7 25 12 37 10 42  9 83  3 98  2 37  6 47
 9 98  3 18  2  5 11 91  4 72  6 76  5 28 14 57  7 14 10 77  1 47 12 19  0 92  8 54 13 51
 4 91  5  8  1 29  2 32  7 32 14 52 13 40  8 35 11 81  9 15 10 77 12 38  3 69  0 31  6 73
11 51  4 73  3 61  8 99  6  1  9 38  2 82 13 35  5 85  0 48 12 40 10 51  1 64  7 38 14 33
12 32  4 31 11 76  8 93  0 70 10 46  3 67 14 12  7 29  5 90  1 89  2 94 13 23  6 57  9 94
13 37 14  4  4 47  8 39 11 35  2 87  9  1  6 16  5 39  7 74  3 39 10 39  1 56  0 60 12 71
13 87  6 27  4 16  0 66  5 61  1 10  7 23 14 55  8 91  9 11  2 20 10 94 11 93 12 68  3 75
 4 28  1 85  0 35 14  9 13  4  3 27 12 41  8 65  5 51  9 80  2 34  7 87 11 39  6 85 10 62
 3 64  2 50 14 78  8 13 13  7 10 37  1 74  9 65 12 13  5 77  6 10 11 25  4 63  7 69  0 45
 4 18  1 13  7 92 11 25  2 22  3 19 14 82  5 84  8 80  0 43  9 33  6  1 12 87 13 40 10 52
 1 35  5 88 14  4  6  5  9 41  2  2  3 38 11 56 13 31  4 86  0 37  7 91 10 34  8 82 12 98
 4 43  7 78  2 89  5  4 10 96  1 52 13 86 12 79  0 35  8 63 14 11  6 19 11  6  9 69  3 25
 9 61  0 49  6  1  1 73 13 92  2 61 10 11 12 98 11 70  5 25  8 19  4 66  3 64 14 67  7 81
 6 23  1  2  3 43  9 42 10 15  7 41  5 85 11 76 12 56  2 19  0 96  4 51 13 46  8 31 14 84
10 69  0 25 11 64  2 99  1 60 12 82  6 69 14 91  5 27  3 16  9 48  8 68  4 43  7 58 13 73
 5 65 14 84 13  6 11 67  8 28  2  5  9 79  0 38  6 22  7 96  3 24  1 11  4 14 10 38 12 90
11 90 14 45  8 42 13 60  0 33 10 10  2 33  3 64  7 95  5 78  6  6  9 60  1 80 12 25  4 11
14 95  3 75  2 79  1 51 11 48  9 42  0 24  7 83  5  2 10 70  4 11  8 40  6 56 12 71 13 42
 0 37 12 22  2 48  1 49 14  3 11 21  6 79  8 20  9 22 10 12 13 14  4 29  7 51  5  5  3 13
 4 56 14  1  0 25  7 11  8 11  2 24  6 32 10 80 12  1 13 65  1 21  9 40 11 95  3 84  5 61
14 35 13  7 11 32  5 54  7 82  0 34  6 62  8 88 10 15 12 79  1 83  4 26  9 74  2  7  3 47
 0  7  7 33 13 61 11 91  4  9 10 44  8 88  2 75  6 17  9 44  1 76 14 69  3 56  5 83 12 56
 7 35  4 95  5 88  3 53  9 12 11 65 13 74  6 30  8 26 14 27  2 38 10 34 12  4  0 79  1 68
11 62 14 20 12 14  8 19  5 48  2 54  6  2  7 51  1 74  3  8  4 72  9 77 10 28 13 34  0 23
12 20  0 33  1 53 13 36  5 99 14 51  7 43  4 20  3 67 10 83 11 64  8 28  9 90  2 91  6 84
10 42  6 46  0 48  1 85 11 37  2 58  8 64  9 91  5 73 12 91  7 99  4 39 14  9 13 18  3 65
10 14 12 30  5 37  8 26  0 23 11  3  1 13  7 33  4 82 14  1  2 83  6 66  3 56 13 98  9 68
 5 58 10 26 14  8 12 29  1 50  2 47 13  7  4 63  8 49 11 81  9 36  0 65  6 85  3 20  7 17
 6 16  7 38 11 73 10 24  5 31  2  9  1 80  3 62  4 97  0 45 14 69  9 14 12 69  8 74 13 17
 1 35  8 31 12 27  0 61 10 26 13 93  7 28  3 39  2 27  6  7  9  2  4 67  5 44 11 14 14 62
11 77 12  4  2 70  1 82  6 64  4 37  9 33 14 84  7 84  8 13  5 79 13 20  0 91 10 93  3  4
14 18  0 22  3  8 12  4  5 88  9  9 13 84  2 59  4 49  1 59  8 60 10 66 11  4  6  4  7 18
 1 51  7 37  4 81  5 23 11 84  3 43  8 45  0 23  9 13 10 19 14 23 12 76 13 21  2 55  6 69
 8 66  0 36 11 13  2 37 13 37 10 71  5 13  4 76  1 73  3 90 12  6  7 24 14 95  9 67  6 28
11 71  1 24  7 92 10 76  9 78 12 65  4 21  2 18  3 17  6 32 13 78  0 14  8 71  5 39 14 65
 4 27  6  7 11 37  9 95  0 59  1 57  8 24  5 50 10 41  3 33 13 32  7 10 14 10  2 15 12 43
 0 60  1  2 11 30  6 29 14 41  8 19  2 84 12 79  3 44 10 58  9 93  7 77  4 73 13 54  5 80
13 21  4 28  1 58 10 14  8 71  3 31 12 83  2 69  6 99 14  5  5 27  7 89 11 74  9 95  0 15
 9 55  8 47  1 29 12 90 13  4  7 59  3 74  0 11 11 59  2  8  4 28  6 44  5 63 14 95 10 38
12 57  3 45  0 37  4 26  2  7 10 69 11 25 13  6  8 82  6 30  9 95  7 73 14 13  5 49  1 19
 3 47  9 65  0 46  7 74 10 79  8 61  1 83 11 26  5 48 14 40  4 47  2  4  6 16 12 26 13 19
 1 59 11 23  4 88 13 22  9 28 14 23  5  5 10 33  3 79  8 57  7 15  6 52  0 52  2 56 12 87
13 60 11 73 12 59  4 22  0 67  9 44  2 67  8 27  5 84  6 13 14 84  1 54  3 92 10 86  7 53
10 23 14 75  9 11 13  5  4 40  7 35  8 80 11 92  3 23 12 99  5 53  2 65  1 51  0  6  6 48
 5 51 12 74  8 20  7 66  3  1  4 89 10 73  1 94 14 38  2 18 11 96  0 31  6 40 13 24  9  1
 0  9  3 73  1 64  7 79  8  7  6 45 12 65 14 19  5 52 10 45 13 28  4 72  2 54  9 87 11 11
14 61  6 39  2  2 10 65  9 70  8 13  0 78  5 89 13 73  4 87 11 32 12 43  1 88  3 36  7  9
 3 36 11 72  9 39  0 33  4 80 12 25  6 25  7 74  1 11 10 77 13 89  8  2  2 10  5 87 14 88
14 21  0 99  1  4  2 25 10 88 11 75  6 84  3 80  4 43  9 69  7 52 13 38  5 15 12 56  8 83
11 63  0  5 13 55 14 87 12 51  1 67  9 31  7 23  2 99  4 39  6 27  5 89 10 37  3 11  8 93
 6  7  4 59 12 67  9  2  8 42 13 95 10 40  7 87  5 90  0 25  2 85  1 16 11 67  3 35 14 44
 4 48  1 90  2 28 14 77 10 43  0 37  9 77  7 74  8 72 11 82  6 92  3  7 13 45  5 26 12 30
 4  2 13  2  8 18  7 48 14 59 10 21  3 97  1 35 11 32  2 19 12 85  0 28  6 42  5 56  9 58
10 69  2 23  6 99  5 46  8 74  3  5  0 81  1  7 13 72  4 61  9 46  7 71 12 88 11 45 14 21
13 26  7 80  6 42 12 92  0  6 14 92 10 69  1 64  9 76  4 32  2 13  3 20  5 74 11  6  8 17
13 57 14 52 12 55  9 47  2 64  3 10  1 21  8 95  6 59 11 59  0 60  5 84  7 52 10 33  4 71
 5 11 12 52  7 37  2 66 10 39  8 87 11 67  4 79 14 48 13 40  1 87  6 87  3  6  0 91  9  3
 1 62  6 14 11 86 14  4  2  3  7 31  4 29  0 90  9  2  5 82  8 69 13 93  3 71 10  1 12  1
 9 18  1 90  3 46  8  2  7 85 12 42  6 19 11 62 10 13 13 36  4 91  2 83  0 40  5 51 14 59
10  6 11 12  5 43  0 41  4 28  6 32  8 18  1  6 13 24  2 48  9 16 14 15 12 93  3 76  7 59
 2 49 14 66  3 22 10 68  8 86  0 13 12 56  9 79  4 78 13 83  7 62  1  8 11 40  5 70  6 85
10 29 12 12  9 29  1 75  8 80  2 11  7 64 14 60  6  1 13 74  4 34  0 24 11 58  3 61  5 19
 1 21  2 55 13 18  7  6  8 41  5 85  0  9  3 16 12 93  9 49  4 99  6 12 11 76 10 25 14 23
 7 47  9 57  6 57  1 98 12  4 14 49  4  4 10 55  5 65  8 28 11 43  2 99 13 22  3  9  0 39
 9 86 12 82  1  4 13 66 11 90  3 40  5 17 10 97  6 12  7 37  4 13  0 55  8 11 14 18  2 97
 4 97  6 88  8 29 11 39  7 42 13 32  5 97  9 59  2 57  0 67 12 78 14 54  3  6 10  8  1 93
 8 39 10 44  3 63  6 63  1 71  5 16  0 60  4 89  2 62 13 98 14 10 11 73  7 29 12 30  9 49
10  6  4 41  6 65  7 66  9 81 14 41 13 39  0 31  3 16 11  6  8 92  2 87  5 22  1 74 12 78
 6 65 10 18  4 25  2 77 14 30  5 58  1  3 13 40  8 60  3 35  0 65  7 14 11  9  9 91 12 44
14 51  7  1 12 56  6 67  8 94  9 94  1 31  2 46  3 36 10 74  5 45  0 53  4 66 13 91 11 44
13 32  4  4  9 98  6 79  5 90 14 83  0 51 10  4  7 81  2 35 12 61  3 99  8 51  1 15 11 25
 2 36  0 83  7 67  6 73 14  4 12 35  1 89  9 21  8 56  3 19  5 13  4 48 10 36 11  9 13 41
10 61 14 50  2 82  3 72  0  7 12 20 13 77 11 58  9 54  1  5  8 80  7 41  6  2  4 65  5 92
 6 44  3 54  8 96 13 72 14 60 11 68  7 46  4 34  2 15  1 23 12 93  5 65 10 20  9 71  0 83
 2 31  7 41  3 28  0 12  6 96 14 54  8 24  9 79 11 67  5 80 12 80  4 23 10 36  1 34 13 27
 8  1  6 80  4  8  9 10  7 30  5 11 14 10  2 21  1  8 12 54  3 18 10 69 13 97 11 71  0 28
11 96 12 66  2 83  3 23  5 16  1 54  7 41 10 61 14 45  9 49  0 14  6  4  4 20 13 55  8 25
 7 37  4 19 10  3 11 18 14 20 12 25  5 89  2 12  1 37  6 31  0 35 13 79  3 39  9 97  8 37
 7 61 13 32  1 69  3 74 14 73  4 13  0 71  6 52  9 49 12 58 11 91  8 31  5 60 10  8  2 89
 8 53  0 61 13  5  4 10  5 79  3  5 10 36 14 95 12 54  2 39  7 98  1  2  9 38  6 77 11 57
 3 69  5 31  2 54  8 42 10 63  9  2 13 63 11 16  7 46  0 46 14 48 12 31  4 46  6 33  1 97
 6 15 10 49  1 79  9 94  2 53  5 12 12 21  4 57 11 86  7 60 14 74 13 79  3 41  8 59  0 39
12 91  9 91  8 41  7 75  0  3  6 91  4 47  1 38 10 28 13 29  2 24  3 69 11 70 14 35  5  3
11 71  3  3 10 40  5  5  9 86  6 78  7 88  2 69  0 34 13 42 12 98 14 28  1 66  4 34  8 19
 1 48 11  5  3 95  9 79  0 92  7 61  2 13 10 80  5 64 14 81 12 99  6 25  8 64  4 72 13 45
10 23  5 14  4 48 14 59  8 12  3 43  1 43  6 96 13 48  2 85  9 95 12 70  7 86  0  3 11 27
11 79 12 77  1 19  5 56  4 60 10 54  3 34  8 74  7 20  0 57  6 32  9 12 13 45 14 19  2 68
 4 32 13 55 12  3  1 31  9 45  8 70  2 67  6  2  0 74 11 74 14 76  3 85 10 26  7 29  5 80
 4 22  6 77  1 29 14 60 11 11  3  5  7 62 13 32  8  2  9 59 10 45 12 11  5 55  2 98  0 58
 6 98  4 19 10 86 12 29  1 12 14 17  5  2  8 62  0 11  7 60 11 63  2 53 13  6  3 64  9 39
 8 43  2 43  5 81 11 43 10 29  6 51  0 67 14 22  7 65 12 13  3 71  9 66  4 84 13 79  1 65
 5 57  0 14  6 84  9 53 11 55 14 81  2 90  1  7 10 24 12 21  3 67  8 42 13 38  7 24  4 18
12  1  4 21 13 45  7 70  8 19 10 15 14 42  5 78  2 12 11 86  3 82  9 22  1 80  6 64  0 99
 1 81  5 37  6 58 12 63  2 23  9 14 14 29  0 87 13 19  7 41  8 81  4 68  3 70 11 80 10 39
 2 93  1 68  5 97  7 78 12 46 11  1  4 33  3 81 13 55  0 63 10 23  6 67  8 58 14 87  9 86
10 95 14 58  9 57  1 98 13 84  6 99 12 48  4 47  3 12  0 10  7 26 11 91  5  9  8 78  2 94
 8  4  4 52  0  4 14 63  5 23  6 48  7 91 12 14 11 45 13 82 10 14  2  2  3 94  1 57  9 57
 5 84  6 40 14 75  0 90 10 28  4 28  8  5  3 89 13 60  9 59 11  1  7 23  2 58  1 27 12 99
12 91  6 71  3  4  2 41  1 26  9 18  4 32 10 41  7 17 14 57 11 65  0  4 13 70  5 36  8 20
 1 40  4 45 10  1  7  9  9 93  2 95  5  6  6 49 14 56  3 82 13 83 12 31  0 38 11 22  8 49
14 75 10 22  3 46  4 89  2 92 11 23 12 89 13 77  7 26  0 81  8 33  5 40  6 89  1  9  9 32
10 39  1 59  9  9  3 88 11 26  8 76 14 30  2 87  6 58  5 84  0 16  7  2 13 80 12 49  4 96
11 81  6 78  7 10 10 67 13 18 14  6  2 19  8 23  1 15  9 47  5 99 12  4  0 70  4 58  3 65
11 61  4 86 14 26 12 12  3 71 13 13  1 69  2 57  8 48 10 74  6 83  7  2  5  3  9 93  0 40
 6 65 10  4  1 12 14 45  2 28  9 62  7 44  4 62 12  2  3 97  0 92  5 83 11 22 13 42  8 78
 4 13 10 25  3 72 14 48  0 65  8 40  1 88  5 33  7 43  9 35 13 54  6 47 12  8  2 64 11 16
 4 38  2  3  0 82 13 40 11 87  7 17 14 62  6 21 12 58  3 21 10 24  1 12  8 48  5 75  9 89
 7 43 12 14  2 41  5 85 10 90  1 90  0 14  6 65 14 89  3 79 11 99  9 52 13 26  4 86  8 70
 9 84 14  2 10 80 12 92 11 24 13 37  2 15  8 47  4 76  3 90  7 53  6 14  1 75  5 98  0 39
 8 90  2 36  4 85 14 36  0 43 13 65  9  4  7 18 10  1  1 40  3  5 11 60 12 50  6 56  5 60
 6  4 10 71  5 70  7  4 12 89  4 97  0  3  2  3 11 66  3  6 13 55  1 86 14 87  8 33  9 96
 5 74  9 40  1 19 10 16  3 40 13 11 11 48  6 38  4 82  7 45  8 32  2 50 12 22  0 88 14 84
 6 36  0 72  8 61 13 64 14 40 11 63  2 22  7 29  1 39 10 65  9 70 12 11  5 15  4 35  3 70
 2 41 13 94 14 46  3 44  6 18  8 90  9 13 11 67 10 67  7  8  1 39  4 27 12 22  5  5  0 60
 5 50  6 64  9 94  4 65  3 83  7 47  2  6 10 83 14 78  0 78 11 24 13 74 12 95  1 21  8 94
10 11  8 69 12 62  0 45  5 16 11 17  3 90  2 57  1 98  6 51  9 88  4 82 14 20  7 25 13 90
 0 30  9 24 12 79 14 61  8 43  5 17 10 12 11 87  3 35 13 93  6 37  1 88  2 64  7 44  4 52
 2 10  8 10  7 58 14 48  4 25  0 75  1 80  5 81 11 49 10 47 13 10  9 99 12 95  6 63  3  6
 4 51  5 98  1 90 10 49  3 63 14 24  7 71 13 85  9 66 12 94  0 73  8 59  6 27  2 80 11 19
13 13  5 14  4 96 10 77 14 80 11 90 12 74  7 55  0 67  9 74  8 43  3 69  1  9  2 41  6 51
 8 78  3 13  6 95 10 19 13  8 14 26  4 22  9 77  0 65  1 63 11 36  5 77 12 28  2 98  7 26
 6 61  4 59  9 35 13 86 10 56  5 91 11 22  3 88 14 18  1 67 12  7  0  1  2 75  7 77  8 90