200 20
13  6 19  8 18 60 16 61  7 19  6 30  1 17 12 29  2 38 14 18  5 38  0 98  3 65  9 16 10 61  4 14 17 17 11 80  8 98 15 58
 0 92  9 54 14  4  7 10 13 71 19 77  2 74  3 41 12 74 11 63  5 34  1 14  8 39  4  7 16 38 10 37 17 31 18 67 15 91  6 60
 0 11 10 32 15 68  4 73 17 15  5 50  2 45  7 93 11  2 14 70  1 72 12 97 16 72  9  6 19 54 18 45  3 80  8 78 13 71  6 35
12 14 13  5 17 47 14  2  3 96 10 66  1 72 18 91  9 66  4 99 16 98  8 21 11 80  0  1  7 93  6  8 15 48  5 44  2 27 19 91
 1 62 10 68 12 76  6 84  7 55 13 76 14 95  8 89  0 85  9 76  5  1  3 24 17 11  2 52 18 60 11 69 15 74 19 80 16 28  4 25
18 66 12 95 10 46  7 80  2 49  3 68 15 40 11 27 19 53  0 57 17 36 14 78  8  4  6 21  9 27 13 61  5 51 16 92  1 74  4 48
 7 47 18 98 15 32 19  5 12 86  1 52  2 98 14 13 11 88 17 13  9  4 13 67 10 72 16 51  3 57  5 10  0 72  4  1  6 86  8 58
 0 36 13 12 10 40 19 65  5 47  7 86  8 70  2 28  4 48 18 40 17 28 11 73  9 96  1 67 12  4  3 68 14 43  6 41 16 18 15 30
 4  8  5 58 13 46 19 11  2 62 14 69 10 57  3 53  6  5  0 70  9 26  1 12 12 55 16 42 17 55  7 77 15 16 18  7 11 25  8 37
13 42 19 83 18 98 15 37  6 47  9 98  2 18  7  5 10 91  0 72 16 76 17 28  8 57  3 14  5 77 14 47 11 19  1 92 12 54  4 51
 1 91 12  8  7 29 16 32  5 32  6 52 15 40 18 35  2 81  0 15 14 77 13 38 11 69  9 31  3 73  8 51 19 73 10 61  4 99 17  1
18 38  7 82  3 35  8 85 10 48 16 40 19 51 17 64 13 38  4 33  1 32 11 31 12 76  6 93  2 70  9 46 14 67 15 12  0 29  5 90
17 89 16 94  1 23  0 57  6 94 18 37  7  4  5 47  3 39 12 35  9 87 15  1 11 16 10 39  4 74  2 39 14 39  8 56 19 60 13 71
11 87  6 27  7 16  2 66 14 61 12 10  8 23 16 55  9 91  3 11 18 20 13 94 15 93  1 68 10 75  4 28  0 85  5 35 19  9 17  4
 6 27 10 41  3 65  1 51  2 80 14 34 19 87 17 39 15 85  0 62  7 64  8 50 12 78 11 13 13  7  9 37  4 74 18 65 16 13  5 77
 8 10 15 25 12 63  6 69 14 45  7 18 11 13  2 92  3 25 18 22 19 19  0 82 16 84 13 80 17 43  9 33  4  1  1 87 10 40  5 52
 4 35  0 88 13  4  2  5 12 41  9  2  3 38 11 56 17 31 18 86 10 37  5 91  6 34  1 82 16 98 19 43 15 78 14 89  8  4  7 96
13 52 10 86 18 79 19 35  3 63  6 11 17 19  9  6  0 69  2 25 16 61  8 49  7  1  4 73 11 92 14 61  5 11  1 98 12 70 15 25
 3 19  5 66 14 64  4 67  7 81  6 23  9  2 10 43 18 42 12 15 15 41 11 85 16 76  1 56  8 19  2 96 19 51  0 46 17 31 13 84
16 69  3 25  9 64 12 99 13 60 17 82  7 69  0 91  8 27  4 16  6 48 15 68  5 43 11 58 14 73 10 65  2 84 19  6 18 67  1 28
12  5  4 79  7 38  9 22 15 96 13 24  2 11  8 14 11 38  6 90  5 90  3 45 17 42  0 60 18 33 16 10  1 33 10 64 19 95 14 78
 5  6 19 60  9 80 13 25 15 11 12 95  8 75  6 79  3 51 18 48 10 42  1 24  7 83 14  2 17 70  0 11  2 40 11 56 16 71  4 42
11 37 18 22  5 48  0 49  9  3 14 21  2 79  6 20  7 22 17 12  1 14 13 29 10 51  8  5  4 13 16 56 12  1 15 25  3 11 19 11
15 24 16 32  4 80  1  1  5 65  3 21 13 40  0 95 18 84  9 61 14 35 10  7 17 32 19 54  7 82  2 34  8 62 12 88 11 15  6 79
11 83  7 26  9 74  0  7  5 47 17  7  1 33  8 61 18 91  6  9 10 44  4 88 13 75  2 17  3 44 19 76 15 69 12 56 16 83 14 56
14 35  1 95 18 88 19 53 10 12  2 65 16 74 17 30  9 26  5 27  0 38  7 34 13  4  4 79 11 68  3 62  6 20  8 14 15 19 12 48
14 54 19  2 11 51 18 74  4  8  8 72  9 77 13 28 16 34  0 23 12 20 15 33  3 53 17 36  5 99  1 51  7 43 10 20  6 67  2 83
 5 64 10 28 14 90 19 91  3 84  9 42 11 46  8 48 12 85  0 37  6 58  7 64  2 91 16 73  1 91 18 99  4 39 15  9 17 18 13 65
12 14  6 30 18 37  4 26 19 23 10  3  1 13 15 33 13 82  0  1  3 83  9 66  2 56  8 98  7 68 16 58  5 26 11  8 17 29 14 50
14 47 12  7  3 63  2 49 15 81  6 36  7 65 13 85 11 20 17 17  1 16  0 38  5 73 19 24 10 31  8  9  4 80 18 62 16 97  9 45
 0 69 19 14  7 69  5 74 18 17 13 35  3 31  9 27 17 61 16 26  4 93  1 28 10 39  8 27  2  7 15  2 11 67 12 44 14 14  6 62
 4 77  2  4 19 70 10 82  7 64 16 37 14 33 12 84 18 84  6 13  3 79 17 20  9 91  5 93  8  4 13 18 11 22 15  8  0  4  1 88
 1  9 18 84 12 59 11 49 10 59  6 60  7 66  2  4  4  4 19 18 14 51  0 37  8 81  9 23 16 84  5 43 13 45  3 23 17 13 15 19
16 23 10 76  1 21  2 55  0 69 13 66  3 36  4 13  9 37 12 37  8 71 14 13  6 76  7 73  5 90 19  6 15 24 11 95 17 67 18 28
 1 71  2 24 17 92 10 76  9 78 16 65 18 21 19 18 13 17  4 32 11 78  0 14 12 71 14 39  6 65  8 27  7  7  5 37  3 95 15 59
10 57 15 24  9 50 18 41  7 33 19 32 12 10 16 10  0 15  3 43 14 60  8  2  2 30  1 29  4 41  6 19 17 84 13 79 11 44  5 58
18 93 14 77 10 73  5 54  4 80 19 21  7 28 12 58 17 14  3 71  8 31 13 83 16 69  2 99 15  5 11 27  1 89  9 74  6 95  0 15
 2 55 12 47  0 29  4 90 11  4 10 59 16 74  7 11 14 59 13  8 18 28  8 44  9 63  6 95  3 38  5 57 15 45 17 37 19 26  1  7
 1 69  3 25  7  6 13 82 17 30 16 95 14 73 18 13 11 49  9 19  8 47 19 65 12 46  4 74  5 79  0 61 10 83  2 26 15 48  6 40
15 47 16  4 17 16 14 26  4 19  0 59  2 23  3 88  6 22 13 28  7 23 12  5 19 33 11 79 18 57  9 15  5 52  1 52  8 56 10 87
 1 60  2 73 18 59  9 22 10 67  6 44 17 67  7 27 16 84  4 13 14 84 15 54  8 92  3 86  5 53  0 23 13 75 11 11 19  5 12 40
19 35 15 80 10 92 18 23  3 99  9 53  2 65 11 51 16  6  1 48  4 51  6 74  0 20 17 66  7  1 12 89 13 73  5 94 14 38  8 18
 5 96  1 31 10 40 12 24  8  1  2  9  3 73 16 64 11 79 18  7  9 45 13 65  6 19 14 52 17 45 19 28 15 72  7 54  4 87  0 11
13 61  3 39  7  2 12 65  5 70  8 13 11 78  4 89 17 73 18 87  6 32  2 43 16 88 10 36 15  9  1 36  0 72  9 39 19 33 14 80
17 25 10 25  8 74  2 11  4 77 13 89 19  2  9 10  5 87 16 88 12 21  1 99  6  4  3 25  7 88 18 75 14 84 11 80 15 43  0 69
13 52 10 38  0 15 19 56  1 83 17 63  4  5 11 55  2 87  7 51  5 67  6 31 14 23  8 99  3 39 15 27  9 89 12 37 18 11 16 93
11  7  6 59  4 67 18  2 17 42  0 95 10 40  9 87 13 90 14 25  5 85 19 16  8 67 12 35 16 44  7 48  1 90 15 28  3 77  2 43
 7 37  2 77  3 74 12 72 18 82  0 92 13  7 16 45 19 26  9 30 10  2  5  2  4 18  1 48 17 59 15 21  8 97 11 35  6 32 14 19
12 85 13 28 10 42  5 56  0 58 17 69 19 23 15 99  9 46 18 74 11  5  3 81 16  7  1 72 14 61  4 46  7 71  8 88  2 45  6 21
 0 26  5 80 19 42  7 92  8  6 11 92 18 69 14 64  4 76  1 32  6 13 16 20  3 74 12  6 17 17  9 57 15 52  2 55 10 47 13 64
18 10 13 21  9 95  8 59 10 59  4 60 17 84  6 52  3 33  2 71 11 11  7 52  1 37 16 66 19 39 15 87  5 67 12 79  0 48 14 40
 6 87 10 87  7  6 13 91 14  3 19 62 16 14  0 86 12  4  5  3 15 31  8 29  2 90 11  2  4 82 17 69  9 93  3 71 18  1  1  1
19 18  0 90  5 46  3  2  7 85 13 42 10 19  6 62 16 13 18 36 15 91  8 83  1 40  2 51 14 59  4  6 17 12 12 43 11 41  9 28
15 32 17 18 10  6 13 24 12 48  8 16  2 15  7 93  3 76  0 59 14 49 18 66 16 22  4 68  5 86 19 13  1 56  9 79 11 78  6 83
 8 62 13  8  1 40 11 70 12 85  5 29 15 12  2 29 14 75  3 80 19 11 16 64 17 60  0  1 10 74 18 34  4 24  6 58  7 61  9 19
 3 21 14 55  6 18  9  6 16 41  5 85 13  9 11 16 15 93 17 49  7 99  0 12  2 76  4 25  1 23 12 47 10 57 18 57 19 98  8  4
10 49 17  4  2 55  4 65  5 28 16 43  8 99 14 22  3  9 11 39  7 86  0 82  9  4 19 66  6 90 13 40 12 17 18 97 15 12  1 37
 6 13  4 55 19 11 10 18  2 97  1 97  5 88 17 29  7 39 16 42 14 32  8 97 12 59 18 57  0 67  3 78  9 54 11  6 15  8 13 93
 9 39  4 44  2 63  0 63  5 71  6 16 14 60  1 89 11 62 18 98  3 10 19 73 16 29 15 30 10 49  7  6 12 41 13 65  8 66 17 81
11 41 18 39 16 31  8 16 10  6  9 92 19 87 15 22  6 74  4 78  1 65  0 18 12 25 14 77  7 30  3 58 17  3  5 40  2 60 13 35
13 65 16 14  2  9 18 91  3 44  7 51  4  1 19 56 11 67  8 94 15 94 14 31  1 46  0 36 10 74  6 45  9 53 17 66 12 91  5 44
17 32 19  4 12 98  6 79 11 90  9 83  5 51  4  4  7 81  2 35 15 61  0 99  1 51 13 15  3 25 16 36 18 83 10 67  8 73 14  4
 8 35 11 89 17 21  7 56  2 19  1 13 12 48 13 36 18  9  3 41  0 61 14 50  6 82  9 72  4  7 10 20 16 77 15 58  5 54 19  5
15 80  4 41 10  2 19 65  8 92 16 44  7 54 17 96 18 72 11 60  6 68 12 46  9 34  0 15  5 23  1 93 13 65  3 20 14 71  2 83
15 31  9 41  4 28 10 12 12 96  0 54  5 24 19 79 14 67  7 80 18 80  2 23 17 36  1 34 13 27 16  1  8 80 11  8  3 10  6 30
19 11 12 10  6 21 11  8 18 54  2 18  8 69  9 97 16 71 14 28  5 96  1 66 13 83 17 23  3 16 10 54  7 41  0 61  4 45 15 49
11 14 10  4  7 20  0 55 15 25  5 37  9 19  1  3 17 18  3 20 18 25 14 89 12 12 13 37  4 31  8 35 16 79  2 39  6 97 19 37
17 61  5 32  8 69 10 74 12 73  6 13  9 71 15 52  4 49 14 58  7 91  3 31 11 60 19  8  2 89 18 53  0 61  1  5 16 10 13 79
18  5 14 36  4 95  5 54  3 39  1 98 16  2 17 38  6 77 19 57  7 69 13 31 11 54 12 42  0 63 15  2  2 63 10 16  9 46  8 46
 6 48 18 31  7 46  1 33  3 97  0 15 19 49 12 79  9 94 17 53 13 12 15 21 16 57  5 86 10 60  2 74 11 79  8 41  4 59 14 39
19 91  6 91  1 41  3 75 16  3  8 91  0 47 17 38  7 28 18 29  5 24  2 69 12 70 14 35 10  3 11 71  9  3 13 40  4  5 15 86
13 78  0 88 19 69  1 34 11 42  7 98 12 28 16 66 18 34  9 19  8 48 17  5  6 95 15 79 10 92  3 61  2 13  4 80 14 64  5 81
 9 99  4 25  2 64  3 72 15 45 13 23  8 14  1 48 11 59 10 12 12 43 18 43 17 96 14 48 19 85  5 95  6 70  7 86 16  3  0 27
 1 79  5 77 17 19 11 56 16 60  0 54  8 34 14 74  4 20 10 57  9 32 19 12  6 45 15 19 12 68  2 32 13 55 18  3  3 31  7 45
13 70 15 67  1  2 17 74 12 74  8 76  0 85 14 26 11 29  9 80 16 22  5 77 10 29  6 60  2 11 19  5  3 62  7 32 18  2  4 59
 0 45  8 11  7 55 19 98  4 58  9 98 15 19 12 86  6 29 11 12 14 17 18  2  5 62 13 11  2 60 17 63 10 53 16  6  3 64  1 39
18 43  9 43  8 81 13 43  3 29  4 51 14 67  0 22 15 65  6 13  5 71  1 66 10 84 11 79  2 65 12 57 17 14  7 84 16 53 19 55
16 81 19 90 14  7  6 24  4 21  3 67  8 42  5 38 11 24 10 18  0  1 12 21  1 45  7 70  2 19  9 15 17 42 18 78 13 12 15 86
 8 82  9 22 13 80  4 64  7 99  0 81 10 37 11 58 14 63  1 23  6 14  2 29 15 87 16 19 19 41  3 81 17 68 18 70 12 80  5 39
 6 93 13 68 11 97 16 78 14 46  7  1 15 33  1 81  3 55  9 63 12 23  2 67  5 58 19 87 17 86  0 95 18 58 10 57  4 98  8 84
 7 99  1 48 11 47 12 12 17 10 16 26  6 91 15  9  9 78 13 94  2  4  0 52 10  4 19 63 14 23  5 48  3 91  4 14  8 45 18 82
 4 14 16  2 11 94  6 57  2 57  9 84 10 40  3 75 15 90  8 28 19 28 12  5 18 89 14 60 17 59  5  1 13 23  0 58  7 27  1 99
18 91  7 71  5  4 13 41 19 26 14 18 16 32  1 41 17 17 10 57  8 65 15  4  6 70 12 36  9 20 11 40  2 45  0  1  4  9  3 93
18 95 16  6  6 49  3 56  2 82  9 83 19 31 10 38  5 22 13 49 12 75  1 22  4 46 17 89 14 92  8 23  7 89 11 77  0 26 15 81
11 33  2 40  4 89  6  9  8 32 10 39 19 59  9  9 13 88 14 26 18 76  0 30 12 87  1 58 16 84  3 16  5  2 15 80  7 49 17 96
15 81 11 78  2 10  1 67  5 18 13  6  8 19 12 23  4 15 19 47 10 99  7  4  9 70  0 58  3 65  6 61 17 86 16 26 18 12 14 71
17 13  6 69 11 57  8 48  0 74  1 83  9  2 13  3  7 93 16 40 12 65 14  4 10 12 15 45  5 28 18 62 19 44  2 62  3  2  4 97
 5 92 10 83  6 22  2 42  7 78  8 13  9 25 14 72  4 48 16 65  1 40 12 88 11 33 17 43 13 35  0 54 18 47 19  8  3 64 15 16
 2 38 16  3 15 82  6 40  4 87 13 17  1 62 19 21 18 58 10 21  8 24 12 12  3 48 17 75 14 89  0 43  9 14  5 41  7 85 11 90
 7 90  5 14  9 65  1 89 16 79 13 99 11 52  4 26  6 86  3 70 15 84 17  2 10 80 19 92  2 24 18 37 12 15  8 47  0 76 14 90
 4 53  0 14  7 75  3 98 11 39  8 90  9 36 19 85  5 36 17 43  1 65  2  4  6 18 12  1 16 40 10  5 14 60 15 50 13 56 18 60
13  4  4 71 17 70 19  4  7 89 11 97  2  3  0  3  5 66 10  6 18 55 12 86  9 87  3 33 16 96  6 74 15 40  8 19 14 16  1 40
 7 11  3 48 10 38  6 82  0 45  1 32 18 50 17 22 16 88  2 84 13 36 19 72  4 61 14 64  5 40  9 63 15 22 11 29  8 39 12 65
11 70  0 11 15 15  6 35  3 70 19 41 12 94 14 46  7 44 18 18  1 90 17 13 16 67  4 67  5  8  8 39 10 27  2 22  9  5 13 60
 2 50 12 64  8 94 14 65 19 83  1 47  7  6 11 83  3 78 15 78 10 24 18 74  0 95  9 21  6 94  4 11 16 69  5 62 13 45 17 16
12 17  7 90  6 57 15 98  4 51  8 88  0 82 17 20  1 25 18 90 19 30  2 24 16 79  3 61 10 43 11 17  9 12 14 87 13 35  5 93
10 37 11 88  0 64  8 44 16 52 14 10 19 10  4 58  1 48  5 25 15 75  2 80  7 81 13 49  3 47  9 10 12 99  6 95 18 63 17  6
 0 51 19 98 12 90  3 49 18 63 14 24 10 71  7 85 15 66  9 94  8 73  5 59  2 27 16 80 11 19 17 13  6 14 13 96  4 77  1 80
 3 90  9 74  1 55  7 67 18 74 15 43  5 69 16  9  6 41 11 51  2 78 14 13 19 95 17 19 10  8  4 26  0 22  8 77 13 65 12 63
 2 36 10 77  8 28  3 98 12 26 13 61  7 59 18 35 16 86  5 56  4 91 14 22  1 88 17 18 11 67  9  7  6  1 19 75  0 77 15 90
 9 14  4 97  3 75 11 87  0 46 17 93  1 21 16 16 19 52  2 95  8  4 18 45 14 11 12 91  5 50 13 95 15 94 10 69  7 68  6 62
15 40  8 89  3 69 11 42  4 52  2 96 16 52 10 71 13 16 12 52  6 92 14 67  7 46  5 71 18 96  9 29 19 80  0 11  1 66 17 41
18 96  1 71 10 87  6 54  5 34 15 59 14 43  8 61 17  6  4 45 13 67  9 43 16 64 12 67  3 76  7 94  2 81 11 65 19 16  0 63
16 99 13 39  6 19  4 21  1 66 11 36 14 38 19 78 17 19  8 45 18 91  0  1  3 86  9 64  7 48 12 20 10 68 15 91  2 90  5 14
16  1 15 36 11 14  4 25  0 50  6  7 10 53  2 79 17 77  9 11 12 72  1 99  8 15 18 84  3 68  7 60 19 95  5 78 13 72 14 73
 0 24 16 20 18 53 11 35 13 82 12 38 10 57  1 46 19 84 17 95  9 89  2 35  3 44 14  6  4 27  6 52 15 60  8 76  7 34  5 22
19 24 12  7  9 55 15 51  0 57 11 65  3 46 14 96  4 16  8 67  2  8  6 14 13 45 17 68 16  6  5 99 10 14 18 40  1 31  7 39
 3  8  7 79 10 40 14 85  4 86 16 39  1 79 15 13  8 59  5 94 19 62  0 31 18 86 11  4  9 35 13 93 12 89 17  7  6 66  2 66
13 95  0 96  1 84 10 58 15 69 14 74  7 64  4 67 12 52  8  3 17  9  5 19 16 84 18 76 11 66  9  4 19 18  3 73  6 99  2 62
14 94 18 66  2 77 15 29 11 31  5 42 19 58 17 75  6 18  9 46  3 46  0  4  4  7 12  6  7 29  1 26 13 73  8 54 16 48 10 84
17 89 15 42 19 78  0  7  8 30  9 27 16 18 13 90 10 42  3 66  4 64  2 48  6 95 12 94  7 42 11 88 14 52  1 13 18 61  5 84
 5 32 11 54  8 66  7  7  3 41 19 97 10 86 14 97  9 66  2 17  6 97 18 94 13  2 16 44 15 55  0  4 17 70  4 99  1 32 12 87
 4 33 18  4 10 30 15 88  8 76 19 95  9  9 16 55 12 27 11 43 17 48  5 12  3 14  1 63 14 71  6 30  0 88  2  3 13 80  7 66
18 14  7 81  5 64 15  4 10 83 19  2 16 43 17  9 11  1  0 13 12 32  3 43  8 21 13 95  1 57  9 94  2 90  4  2  6  6 14 35
19 53  4 45 14  6  3 85  8 32 15 96 12 14 11 95  1 91 10 78  2 80  6 73 13 30  5 28  7  5 17 61  0 92 16 28 18 52  9 50
 5 72  7  3 16 43 10 61 15 52  1 80  4 77  8 21 14 70 17 47 18 62  2 80 13 45 11 40 12 99  9 43  6 46 19 53  0 88  3 54
 9 10 17 93  0 21  7 11  4 18 10 44 18 76  8 60 12 93  1 51  5 20 13 13 14 90 19 73  2 93 11 80 15 50  6 62  3 30 16 97
 1 84 19 32  4 53 14 40  6 84  8 65 17 57  5 26 15 85 10 85 13 75 12  5  7  8  9 22  3 53  0 13 16 77 18 75  2 82 11 50
 9 36 11 20  6 70  5 96 14 67  4 83 10 42 15 83 17 83 12 24  1 24 13 79 18 47 19 58  2 70  3  5  8 35 16 48  7 18  0 27
19 57  9 36 15 63  7 36 12 93 17 39  2 22  5 50 18 56  0  3 13 83  4 70 11 17  8 99  6 63 16 51 10  7  3 27 14 75  1 68
 2 92  0 13 13 31  8 75  5 95 19 35 16 17  1 67  6 99 11 63  9 74 18  9  4 25  3 84  7 71 15 43 10 43 17 98 12 92 14 16
 1 96 16  7  5 15  9 74 12  1  7 43  6 48  3 80 17  4 11  9 18 76  2 52 14 38 13 67  4 48  8 51 15 23 10  7 19 93  0 60
14 87  1 35  5 63  0 17  9  8  6 54 10  6 16 63  4 63  3 95 17 35  7 91 19 46 11 61 18 88 15 31 13 55  2 68 12 76  8 37
19 19 13 66  9 88  4  8 10 56 12 47  7 84  6 24  5 37 11 84 14 84 18 42  1 82  0  1 16 47  2 86 17  8  8 90 15 19  3 49
19 18  1 33  4 89  9 36  3 13  6 80 12  9 13  8 14 37 15 92  8 41 16 74 10  5  5  9  7 30 18 34  2 82  0 17 11 43 17 33
14 55 19  7  4  4 10 75  8 88 12 39 11 13  7 63 16 18 17 78  6 43  2 68  1 72  0  1  5 13 13 82 15 39  9 10 18 54  3  3
19 92 18 21 10 66  3 28 11 10  7 56  0 11 17 49  2 33 14 49 13 91 12 65  5 92  8 33 16 72  1 62  9 93 15 29  6 26  4 67
 5 13 11 68  7 17 17 87  4 54 18 88  2 40 16 45 13 98  6 57 14 79 19 32 12 91  8 75 10  3  0 16 15 32  3 81  1 29  9 48
 2 46  9 88 13 71  6 97 11 75  1 13  3 76 18 53 12 91 16 13  7 52  8 92 19 38 14 82  5 47 10 83 15 70 17 26  0 41  4 87
 0 71 15 33  1 92 18 96 12 97  5 86 16 41  9 64 17 69 14 28  2 84 13 47 19 96  3 59  4 62  6 69 10 64  7 70 11 90  8 10
14 33  3 22  1 47 16 80 19 21  9 53 13 73  7 53  2 13 15 19 12 76 11 94  0 34 17 53  4 69  8 26 18 85 10 85  5 98  6 15
15 69 10 24 16 83  2 90 12 94  8 70  9 36 14 83  5 17  0 11 17 25  1 77 19 93 11 22  4 49 18 87 13 84  7 35  6 74  3 51
 5 16  7 81  4 44 17 46 16 21 13  2  2  3 19 59 15 21 14 30  3 98 11 25  6 78  1 18 12 71 18 55  0  3  8 83 10 71  9 68
16 42 11 57 18 79 12 30  4 66  3 75  5 77 14 79  7 21  1 97 13 95  6 24 10 68 19 11  2 13  9 63 17 21  8 10  0 13 15 26
18 27  8 72  5 84  7 86 16 30 17 30 11 57  3 62  1 85  6 88  9 86 10 94 15 96 13 84 14 90  2 35  4 62 19 75  0 59 12 39
15 66  1 98  5 78 12 13 16 77 13 97  3 37  6 87  2  3  7 55 17  5  8 31  0 88 18 16  4 71 14  6  9  4 10 42 11 60 19 74
 2 14  3 71 13 69  6  6  4 85  7 53  9 68 17  1 15 99 19 20  1 34 18 62 14 91  8 33  5 59  0 22 16 67 11 55 12 86 10 64
18 48  5 55  6 42  0 68  9 17 10 15  1 62  8 45 13 14 11 19  4 27 16 57  2 27 12 12 19 96 15 20  7 26  3 75 17 29 14 92
 4  3 13 35 16 23 15 97  5 69  9 71  3 82  7 35 18 49  6 65 14 32 11 56  2 87 19 77  8 53 17 26 10 74 12 20  0 63  1 23
 7  8  6 17 17  7 10  3 14 51  2 80  3 98 15 47 11 54  5 77 18 26  0 69 12 92 13 69  1 10 16 37  9 97  8 92  4 53 19 49
 0 82  9 57 18 59 15  6 16 75 13 22  1 23  3 99  4 49 11 98  6 71  7 10  2 11 17 17 19  3  8 40 14 25  5 66 10 43 12 80
14 84  1 21  8 36 18 38  7  1  6 92 19 96  5 54 11 99 16  7  4  1 15 20 13 73 10 32  2 87 17 99  0 87  9 90  3 49 12 79
18 79  1 93 12 83 17 61 15 49 10 49  0 29  4 61  9 81  7 18  8 16 14 28  2 77  5 83 11 71 19 91 16  7 13 93  3 85  6 67
 2 75  8 73 15 66 17 60 16  2  5 85  1 94  4  5 14 75  3 83 11 33  7 30 18 64  6 54 19 95  0 63  9 63 13 12 12 52 10 15
 9  3 17 13 19 93  7 12 11 13  2 16  4 66 18 20 14 80 13 49 16 24  5 64 10 25 12 61  6 65  8 93 15 22  1 92  3 17  0 50
18 55 19 16  2 54 10 77 15 15 11 35  8 41 13 24  6 21 14 32  3 19  7 57  5 68  4 87 12 65 17 59  9 59 16  6  0 82  1 25
 9 97 12 35 15 63 16 90 11 34  2 21 13 84  5 90  1 47 18 24  6 30  7 98  3 82 14 99 19 18  0 52  4 36 10 77  8 72 17 98
 8 80  3 33 16 77 14 39  4 83  5  1  9 43  6 26  0 14 15 45  1 72 10  7 19 32 18 37 13  2  7 18 17 44  2 48 11  4 12 54
 3 97  9  9 15 67 19 42  7 89 17 96 18 88 10 68 14 62  6 97  0 18  4 49  2 15 12 67  5  3 13 38  1 69 11 82  8 32 16 76
19 70 14 28 15 48  9 57 12 78  0 25 11 19  6 95 17 94  2 39 10  4 16 82  3 75  7 70  8  2 18 75  4 70 13 20  5 45  1  1
12 28 13 95  0 93  6  4  2  7 18  1  3 13 11 76  5 32 14 28 17 71 10 22  8 58 19  2  4 68 16 38 15 74  9 87  1 61  7 75
10 57  4 50 11 48  1 18  6  7  0 84  9 38 18 32 19 96 12 53  3 49 14 32  2 12  8 83  7 82 15 67 13 50  5  5 16 71 17 40
 9 74 16 94 11 22 19 91 14 78  0 26 18 47  5 91 13 47  8 26  3 28 10 57  7 80 17 16  6 87  1 56  2 93  4 77 15 80 12 84
 0 52 17 26 16 64  6 88 12 18  2 50 18 19  5 15  7 79 15 38 19 32  3 73 14 86  9 98 10 38  4 16  8 98 13 27  1 47 11 23
12 35 11 54  7 75  3 72  0 37  2 62  5 14  6  7  4 14 10 95  9 68 14 45  1 43 17 12 19 56 18 83  8 79 15  4 16 34 13 67
16 19  6 53  2 70  9 30  3 57 12 27  0 95 15 57 18 55  4 91  1 19  7 89 14 66  8 17 17 54 13 91 11 79  5 10 19 23 10 46
17 71 18 54  3 44 11 45  4 26  2 61 15 48 13 75  0 39 10 49  6 85 19 88  7 84  5 75  1 39  8  1 16 78  9  2 12 37 14 22
 4 55 12 60  8 98 16 20 15 94  1 77  5 41  3 71  9 87 19 53 13 34 11 17 14 87  7 59 18 97  0 72  6 58 10 68 17  3  2  2
15  8  8 77 13 68 19 23 18 29  9 15  5 75  0 15 10 80  3 27  7 41 16 75 12 21  1 64  2 66 11 77  6 66 14 63  4 55 17  1
12 98  1 84  2 86 18 58  7 49  0 67  4 41  9 15  3 39 19 26 17 16 15 31  5 97 14 56 11 25  8 78 13 20 10 50 16 76  6 76
15 77 17 75  3 72 16 23 11 72 19 57  9 20  5 23  8 25  7 29 10 18 13 22  0 72 18  8  2 41  6 12 14 71  1 75 12 61  4 22
14 30  1 19  5  7 18 61  6 60 10 29 11 17 15  3  3 65  0  4 19 18  4  1  8 12 16 61 17  1  7 59 13 72  2 71 12 98  9 73
 6 51  5 69  4 43 18 74  0 17  2 87 13 52 10 12  3 69  7 30 12 68  1 14 11 21 15 60 16 10 19 54 17 48 14 20  9 72  8 27
14 86 11 84  7  1  2 43 18 31  8 37 17  6  9 40 16 54  3 81  4 91  6  2 13 41 19 65  1 24 10 23 15 69  5 27 12 64  0 88
 7 65 12 38 19 42  3 66 17 58 16  9  6  8 15 37  4 20 14 78 13 49  1 98  9 67  5 33 11  8  8 91 18 40  2 17  0  5 10 31
10 26 13 84  9 81 15 57  3 98  1 15  5 87  6 69 11 71 18 94 14 76  8 73 12 47 17 34 19 17  2 21  7 83  4 42 16 79  0 77
 9 83  2 24  1 76  8 70 16 53 18 12 14 27 17 60  3 29  5 34 11 50  4 73  6 89 10 56 15 33 12 33 13 37  7 21  0 45 19 19
19 39  6 16 17 33 16 22  3 88 18 89 14 17  4 19  5 33  8 74 12 37  2 69 11 52 15 86  0 61 10 80  7 89  1 65  9  7 13 27
12 43  1 99 18  8 17 11  9 12 11 86 10 43  4 11 13 63  8 62  2 19  7 23  0 47 19 85  3  9  5 99 15 96  6 84 16 97 14 44
 9 50 11  8 10 37  2 17 16  3 19  1 15 68 13 87 17 13  8 26 12 45  3 15  6 22  4 97  1  2 18 98  0 73 14 28  5 13  7 30
 9 73  5 53  4 16  1 87  7 64  0 47  6 40 17 57  2 65 11 54 15 29 14 72  3 64 12 36 16 11  8 71 18 40 19 89 13 64 10 84
18 73  0 74  2 63 11 85 10 55  9 16 15 39 14 94 13  3  3  3  1 27  4 40 16 41  7 94  5 73  6 23 19  9 17 18 12 68  8 89
 6 59 18 60  5 31 19 53 17  1 11 52 16 34 10 67  4 59 12 79 13 38  8  3 15 31  0 52  2  1 14 72  3 37  1 44  7 17  9 91
13 49  9 40  8 86 17 56  5 31  3 29  7 17 19 89  4 13 15 30  6 53  0 79 14 59 10 18 16 73  2 37 11 71 12 88  1 39 18 89
 5 14 11 36 15 86 10 66 13 92 17 32  0 45  2 55 19 21  6 32  7 55 18 12 14 88  9 92  3 30  1 80 12 54  8 30  4 66 16 48
12 50 11 98  1 40 13 78  4 39 18 56  5 56 16 95  8  1 10 13 19 77  0 52  6 90 17 75  3 55  7 88  9  2 14 95  2  4 15 93
 2 38 16 22 18 13  7 67 10 97  8 26 19 22  9 22  4 67  1 58 14 28 13 60 15 87 17 36  6 81 12  8  3 45 11 31  5 22  0  8
19 21  0 34  6 99 14 92  2 37  8 47  3 36  9 10  7  3  1 64 17 23 15 45 10 40 16 33 13 68 12 96 18 96  4 74 11  8  5  7
12 97  3 93 10 86  1 65 19 72 16 92 17 32 11 66  5  8  9 48 13 67  4 93  7 71 18 86 15 77  8 11 14 26  0 10  6 60  2  4
 2  6 16 43 10 94  7 98 19 65  6 33  5 56 12 56 14 33 13 96 11  1 18 99  1 54  0 28  8 31  4 20 17 34 15 59  9 66  3 31
13 65  8 38  2 36 18 54  9 31 11 43 17 31 12 55 19 66  5  9 10 79  3 25 15 50  0 82 16 39  1 91  7 97 14 35  4 40  6  6
 7 40 10 54  8 77 18 76 17 58 13 17 11 82  5 11 19 95  6 65  4 82  1 32  3 10 14  6 12 57 15 20  2 58 16 21  0 77  9 83
 9 30  2 69  0 94 10 51 14 89 15 13  3 38  4 71 12 66  1 76 16 78 18 13 17 63 11 92 13 20  7 65  5 31 19 56  8 32  6 96
 8 81 14 17 10 60 12 38 18 43 13 41 15 20  1 87  7 80 19 97 11 39  9  7  6 35  4 55  3 54  2 59 16 95 17 88  0 13  5 23
 6 51  5 99 17 48 11 88 13 76 12 83 10 74  2 11 15 92  4 17  3 23 19 72 18 41  8 22 16 95 14 77  7 43  1 38  9 50  0 43
 1 82  5 61 11 54  8 31  4 68  0 38  3 35 17 73  2 66  6 19 10 47 18 23  7 78 16 98 14 70 12 48 15 16 13 56  9 12 19 10
 9 55  8 16 10 78  2 46 16 85 14 89  7 74 18 70 17 82 12 77 19 16 11 31 13 99  1 65  0 71 15 58  3 95  4 54  5 39  6 50
 3 24 16 17 17 50 14  6  5 29  4 59 18 85 12 26 15 96  8 92 13  5  1 14 11 19 10 97  6 87  0 62  9 88 19 85  7 32  2  6
 0 46 10 13 17 79  1 58 19 25 12 98 15 49  4 48  5 40 11 30 13 23  7 24 14 33  3  2 16 44 18 49  9 18  8 21  2 87  6 46
16 37 19  2  9 84  0 29  7  6 17 57 13 38  1 89 10  1 14 80  4 21 11 17  3 35 12 66  5 46  6 92  8 77 15 54 18 13  2 71
14 17  2 80 10 15 13 68  7 55  0 72  3 54 12 70 17 42  8  9 18 99 16 63  4 55  9 39  6 75 19 91 15 77  1 30 11 92  5 98
17 68 13 56  3 46 19 83 18 23  0 84  1 99 15 95  8 53 12 61 16 55  2  3 11 49  4 54 14 51  5 16  6 31  9 48 10 64  7  1
 7 70 11 43  3 88  6 35 10  3 15 20  5 43  1 51  0 97 19 78 12 53 16 86 18 79  8 20  4 22  9 67  2 30 14 20 17 59 13 19
 4 29 11 85 12 56  8 50  6  3  0 18 15  6 17 31  5 33 14  2  7 47 13 16  1 97  9 88  3 49 19 32 18 66 10 50 16 88  2 65
 0 67  6 53  7 67 10 29 13 71  4 91 16 56 18 63  9 40  8 19 15 23  3 25  2 90 11 23  5 62 12 31 14 89  1 65 17 31 19 37
 1  8 12 47  3 91 19 44  7 99  5 38  4 10  8 78 16  9 15 20 13 42 14 75  0 90  2  7 18 36 10 49  6 73 17  7 11 84  9 87
 8 80 17 16 16 75 19 12 15 96  2 67  5 56  9 76  3 76 12 90  1 85 14 67  6 94  0 50 11 29  7 46 10 87 18 94  4 12 13 31
16 44  7 60 15 29  2 72  6 28  8 50  5 11  9 42  4 56 10  4 12 40 17 45 19 73  1 38 18 31  3  9 14 90 13  2 11 70  0 99
 0 60 17 94  2 40 13 49  6 75  3 92  4 76 14 12  5  8 16 99 19 71  7 79  9 79 15 72  1 51 18  7 11 96 10 78 12  3  8 79
 4 42 12 10  1 80 10 27 18 18  6 15 17 26 13 90  9 47  2 35  8 11 15 93 16 25  5  8  3 60  7 86 14 73 11 24 19 50  0 20