120 20
15 77 17 75  3 72 16 23 11 72 19 57  9 20  5 23  8 25  7 29 10 18 13 22  0 72 18  8  2 41  6 12 14 71  1 75 12 61  4 22
14 30  1 19  5  7 18 61  6 60 10 29 11 17 15  3  3 65  0  4 19 18  4  1  8 12 16 61 17  1  7 59 13 72  2 71 12 98  9 73
 6 51  5 69  4 43 18 74  0 17  2 87 13 52 10 12  3 69  7 30 12 68  1 14 11 21 15 60 16 10 19 54 17 48 14 20  9 72  8 27
14 86 11 84  7  1  2 43 18 31  8 37 17  6  9 40 16 54  3 81  4 91  6  2 13 41 19 65  1 24 10 23 15 69  5 27 12 64  0 88
 7 65 12 38 19 42  3 66 17 58 16  9  6  8 15 37  4 20 14 78 13 49  1 98  9 67  5 33 11  8  8 91 18 40  2 17  0  5 10 31
10 26 13 84  9 81 15 57  3 98  1 15  5 87  6 69 11 71 18 94 14 76  8 73 12 47 17 34 19 17  2 21  7 83  4 42 16 79  0 77
 9 83  2 24  1 76  8 70 16 53 18 12 14 27 17 60  3 29  5 34 11 50  4 73  6 89 10 56 15 33 12 33 13 37  7 21  0 45 19 19
19 39  6 16 17 33 16 22  3 88 18 89 14 17  4 19  5 33  8 74 12 37  2 69 11 52 15 86  0 61 10 80  7 89  1 65  9  7 13 27
12 43  1 99 18  8 17 11  9 12 11 86 10 43  4 11 13 63  8 62  2 19  7 23  0 47 19 85  3  9  5 99 15 96  6 84 16 97 14 44
 9 50 11  8 10 37  2 17 16  3 19  1 15 68 13 87 17 13  8 26 12 45  3 15  6 22  4 97  1  2 18 98  0 73 14 28  5 13  7 30
 9 73  5 53  4 16  1 87  7 64  0 47  6 40 17 57  2 65 11 54 15 29 14 72  3 64 12 36 16 11  8 71 18 40 19 89 13 64 10 84
18 73  0 74  2 63 11 85 10 55  9 16 15 39 14 94 13  3  3  3  1 27  4 40 16 41  7 94  5 73  6 23 19  9 17 18 12 68  8 89
 6 59 18 60  5 31 19 53 17  1 11 52 16 34 10 67  4 59 12 79 13 38  8  3 15 31  0 52  2  1 14 72  3 37  1 44  7 17  9 91
13 49  9 40  8 86 17 56  5 31  3 29  7 17 19 89  4 13 15 30  6 53  0 79 14 59 10 18 16 73  2 37 11 71 12 88  1 39 18 89
 5 14 11 36 15 86 10 66 13 92 17 32  0 45  2 55 19 21  6 32  7 55 18 12 14 88  9 92  3 30  1 80 12 54  8 30  4 66 16 48
12 50 11 98  1 40 13 78  4 39 18 56  5 56 16 95  8  1 10 13 19 77  0 52  6 90 17 75  3 55  7 88  9  2 14 95  2  4 15 93
 2 38 16 22 18 13  7 67 10 97  8 26 19 22  9 22  4 67  1 58 14 28 13 60 15 87 17 36  6 81 12  8  3 45 11 31  5 22  0  8
19 21  0 34  6 99 14 92  2 37  8 47  3 36  9 10  7  3  1 64 17 23 15 45 10 40 16 33 13 68 12 96 18 96  4 74 11  8  5  7
12 97  3 93 10 86  1 65 19 72 16 92 17 32 11 66  5  8  9 48 13 67  4 93  7 71 18 86 15 77  8 11 14 26  0 10  6 60  2  4
 2  6 16 43 10 94  7 98 19 65  6 33  5 56 12 56 14 33 13 96 11  1 18 99  1 54  0 28  8 31  4 20 17 34 15 59  9 66  3 31
13 65  8 38  2 36 18 54  9 31 11 43 17 31 12 55 19 66  5  9 10 79  3 25 15 50  0 82 16 39  1 91  7 97 14 35  4 40  6  6
 7 40 10 54  8 77 18 76 17 58 13 17 11 82  5 11 19 95  6 65  4 82  1 32  3 10 14  6 12 57 15 20  2 58 16 21  0 77  9 83
 9 30  2 69  0 94 10 51 14 89 15 13  3 38  4 71 12 66  1 76 16 78 18 13 17 63 11 92 13 20  7 65  5 31 19 56  8 32  6 96
 8 81 14 17 10 60 12 38 18 43 13 41 15 20  1 87  7 80 19 97 11 39  9  7  6 35  4 55  3 54  2 59 16 95 17 88  0 13  5 23
 6 51  5 99 17 48 11 88 13 76 12 83 10 74  2 11 15 92  4 17  3 23 19 72 18 41  8 22 16 95 14 77  7 43  1 38  9 50  0 43
 1 82  5 61 11 54  8 31  4 68  0 38  3 35 17 73  2 66  6 19 10 47 18 23  7 78 16 98 14 70 12 48 15 16 13 56  9 12 19 10
 9 55  8 16 10 78  2 46 16 85 14 89  7 74 18 70 17 82 12 77 19 16 11 31 13 99  1 65  0 71 15 58  3 95  4 54  5 39  6 50
 3 24 16 17 17 50 14  6  5 29  4 59 18 85 12 26 15 96  8 92 13  5  1 14 11 19 10 97  6 87  0 62  9 88 19 85  7 32  2  6
 0 46 10 13 17 79  1 58 19 25 12 98 15 49  4 48  5 40 11 30 13 23  7 24 14 33  3  2 16 44 18 49  9 18  8 21  2 87  6 46
16 37 19  2  9 84  0 29  7  6 17 57 13 38  1 89 10  1 14 80  4 21 11 17  3 35 12 66  5 46  6 92  8 77 15 54 18 13  2 71
14 17  2 80 10 15 13 68  7 55  0 72  3 54 12 70 17 42  8  9 18 99 16 63  4 55  9 39  6 75 19 91 15 77  1 30 11 92  5 98
17 68 13 56  3 46 19 83 18 23  0 84  1 99 15 95  8 53 12 61 16 55  2  3 11 49  4 54 14 51  5 16  6 31  9 48 10 64  7  1
 7 70 11 43  3 88  6 35 10  3 15 20  5 43  1 51  0 97 19 78 12 53 16 86 18 79  8 20  4 22  9 67  2 30 14 20 17 59 13 19
 4 29 11 85 12 56  8 50  6  3  0 18 15  6 17 31  5 33 14  2  7 47 13 16  1 97  9 88  3 49 19 32 18 66 10 50 16 88  2 65
 0 67  6 53  7 67 10 29 13 71  4 91 16 56 18 63  9 40  8 19 15 23  3 25  2 90 11 23  5 62 12 31 14 89  1 65 17 31 19 37
 1  8 12 47  3 91 19 44  7 99  5 38  4 10  8 78 16  9 15 20 13 42 14 75  0 90  2  7 18 36 10 49  6 73 17  7 11 84  9 87
 8 80 17 16 16 75 19 12 15 96  2 67  5 56  9 76  3 76 12 90  1 85 14 67  6 94  0 50 11 29  7 46 10 87 18 94  4 12 13 31
16 44  7 60 15 29  2 72  6 28  8 50  5 11  9 42  4 56 10  4 12 40 17 45 19 73  1 38 18 31  3  9 14 90 13  2 11 70  0 99
 0 60 17 94  2 40 13 49  6 75  3 92  4 76 14 12  5  8 16 99 19 71  7 79  9 79 15 72  1 51 18  7 11 96 10 78 12  3  8 79
 4 42 12 10  1 80 10 27 18 18  6 15 17 26 13 90  9 47  2 35  8 11 15 93 16 25  5  8  3 60  7 86 14 73 11 24 19 50  0 20
 5 92  0 35  4 87 13 40  2 63 19 60  9 11 15 35  3 96 12 35  6  5  1 20 18 42 16  3 10 99 14 27  7 86  8 12 11 98 17 68
13  5  7 36 19 61 11  5  8 69  9 45  1 99 16 48  3 60  4 80  0 32 18 73 12 40 17 76  5 14 10 22  6 39  2  1 15 78 14 95
15 12 19 76 18 10 11 51  3 90  1 87  2 76  6 47  5 24  4 98 10 28  8 71 16 21  7 86 17 92  0 17 14 87 13 10  9 35 12  5
 7 76 13 29  4 74  3 69 15 49 14 89 11 83 17 70  9 95 19 27 12 59 18 51 16 99  6  4  1 43  2  5  5 86  8 13 10 22  0 63
19 42  1 39  7 51 17 63 13 36 16 35  9 88 11 85  6 96  5 30  0 69 12 76  3 20 14 80 10 80  4 87 18 36 15 16  2 71  8 27
10 71  8 99  4 82 16 61 12 20  3 10  7  9 18 97  9  9 11  8 15 65 14 53  5 10 19 44 13  4  0 78  2 69  6 72  1 31 17 29
 8 25 13 88 11 73 18 90 19 91 14  9 12 25  5 24  2 41  6  5  4  7  1 11 10 10  9 25  3 20  0 95  7 19 16 77 15 55 17 26
 6 82 17 58 14 60  7 67 15 24  4 13  9 96 13 64 16 18  5 80 19 65  0 33  3 88  1 51  2 46  8 22 11 23 12  9 10 26 18 23
 1 58  0 58 11 62 10 29 17 32  4 81 12 89 14 92  7 11  5 94 13 59 18 22  3 39  9 35  2  7 19 70 15 50  8 67 16 62  6 27
 6 47  5 40 11 55 17 12 12 89  7  4  2 99 19 36  8 71 16 35  0 51  9 83  4 85 10 67 14 88  3 49 15 74 13 40 18 23  1 13
18 10 13 96  5 46 14  5 11 20 17 56  4 96 10 73  0 86  9 14  3 20 19 56  7  6 16 89  8 72  1 33 12 10  2 98 15 93  6 29
 8 86 18 37 12 93 19 53  7 54 14 48  0 62 15 37  1 57 10 74 17 30 16 50 11  4  9  5  5 28  2 19 13 38  6 67  3 22  4 94
 1 50  7 49 10 25 11 16 17 71 14 16  2 43 12 67 19 35 16 55 15 64 13 31  5 17  3 98  9 37 18 47  6 90  8 63  0  6  4 81
14 62 15 66  4 47  5 64  1 74 18 82  2 61 16 30  0 41  6 63  8 40  7 25 10  4 12 55  3 79 19 84  9 98 17 30 11 49 13 11
 2 25  0 23 19 75  5 61 10 39 11 88 14 44 12 28  4 26 15 29 18 46  6 54  7 24  9 26 13 50  3 19 16 35  1 23 17 15  8 59
 6 50 16 88  9 54 10 86 11 93  3 95  7 25 19 14 15 44  5 96 13  4 12 28  2  3  1  4  4 91 14 28  0 31  8 61 17 95 18 19
 2 26 15 92  4 72 19 19 13 33  0 76 16 29  5 32 14 96  3 88 11 13 17 67 12 59  9 17 10 80  1 22  8 52  6 63 18 63  7 39
 1 58  2 70  6 67 17 82 16 12  7 94  5  1 11 27 19 60 15  5 14 26  9 27  3 75  0 83 18 34  8 90  4 74 13 26 12 87 10 62
 9 53 13 65 17 30  7 20 12 76  0 54  5 41  6 94 19 31  8 13 15 27 11 88  2 41  4 44 14 36 10 94  1 46  3 81 18 38 16 74
 8 41 14 69 18 19  7 14 19 64 16  9  6 26  3 20  1  1  5 86 15 44 10 91  2 75  4 77  0 76 12 37 13  2 17 78 11 95  9 18
 6 60  1 47 14 88  5 72 10 71  3 51  2 46 19 34 16 98 12 95  0 56 13 41 15 36 18 45 17  6 11 82  7 38  9 58  8 93  4 69
 4 42  7 62 13 79 10 87  8 66 16 77 14 37  5 13 19 44  3 15 18 46  1 74 15 19  0 26 12 25  2 98 11 99 17 18  9 30  6 42
15 15 12 43  7 73 17 33 19 91 16 73 10 70  3 37  8 68 18 76  2 92 13 22  9 38 14 67  4 59  6 59  1 85  0 88 11 11  5 91
 2 78  5  7 16 65 11 13  1 94  8 28 14 14 12 47  9 40 15 35  3 71  0 46 13 87  7 84 19  7  4  2 10  2  6 34 17 26 18 29
 6 53  9 93  0 96 14 38 18 83  4 38 12  1  3 40  8 97 10 35  7 91  2 72 17 33  1 29 11  8 19  1 16 66 15 10 13 94  5 13
12 70  1 86  2  9 11 39  6 14  0 46  8 10 16 95  3  6 18 74  5 12 13 87  9 64 17 50 10 10  4 53 15 90 14 70  7  5 19 59
13 16  4 34 17 30  1 30 12 70 11 28  8 78  6 82 10 69 16 60 18 30  3 63 19 51  5 74 15 58 14 94  7 19  2 97  0  7  9 56
15 53 12 56 13 76 14 54  8 42 11 39 19 89 17 29 18 47  3 59  1 55 10 75  7 67  5 64  2 44  9 67 16 53  0 43  4 35  6 99
16 85 15 97  5 47 14 81 10 75 13 81  3 18 19 64  7 71  6 63  2 24  4 26 18 50  1 12 12 87  9 46  0 25 11 45  8 17 17 81
13 24  5 87  2 80 12 91  3 90 14 36 16 63  8 38  6 91 17  6 11 43  1 35  9 23 15 67  0 64 19 19 10 60 18 86  4 32  7 37
 7 65  9 88  4 19 14 82 17  3  6 22 13 58 16 21 15 84 12 67  1 67  3 54 19 69  8 17 10 13  5 62  0  4 18 13 11 83  2 25
 2 40 10 14  6 94 17 89  3 56 16 70  4 96  7 46 11 84  8 65 15 17  5 59 19 89 12 96 14 64  0 94 18 95  9  9 13 36  1 10
 9 25 11  2 19 27  6 29  0 55  5 58 17 21 12 62 14 33 15 33 13 81  8 97 10 32  4 73 16 99  2 82  7 88  3 47 18  1  1 46
 3 56 18  5 17 44  6 29 11 89  4  7  2 38  0  5  9 12 16 80 19 95  5 96 12 93 14 39  8  6  7 79 15 85  1 68 13 43 10 88
 5 75 13 81  9 10 14  4  7 55 15 87 16 79 19  8  8 19  0 71 17 69 11 44  1 10 18 54  2 66  4 62 10 58 12  4  6 23  3 42
19 30  8 80  5 76 14 26  4 24  0 20  6 25 16 68 10 76  1 65  9 72  7 28  2 68 18 70 12  1 15  8 11  2 17 21  3 73 13 96
 4 86  0 19 19 20  8 63 16 60 11 24 13 84 17 96  2 69 10 46 14 36  1 40  6 54 15 18 12 63  5 99  3 58 18 71  9  9  7 95
12 27 13 80  6 72  2 32  1 95 16 37 19 62 10 38  5 20  3 50 11 76  7  9 15 46 14 17 18 85 17 92  8 78  9 88  4 58  0 61
12 55 14  7 15 44  0 54  3 25  4 17 11 51 16 53 17 20  9  1 19 15  5 12  2 95  8 93 18 43  7 81  1 79  6 78 10 59 13 24
10  1  2 81 16 26  5 55 14 63 11 59  6 43  1 84  4 58  0 57  9 81  7 33 18 62 12 27 19  3 13 23  3 90 17 75  8  2 15 60
17 67  0  6  5 38  8 14 13 11  7 67 10 78 12 81  9 87  4 18 11 81 14 96  6 58 18 97  2 69  1 42 19 21 15 52  3 86 16 83
 3 88  0 32  5  2 12 63  7 23  8 11 17 76  1 13 18 81 15 34 11  4 19 19 13 29 16 97 10 65  6  1  2 87  9 23  4 26 14 77
 4 59 10 22  0 19 16 19  6 92  3 77 12 38 18 58  7 12  5 64  2  4 19 16 11 46 17 28 13 34  8 78 14 72 15 48  1 85  9  6
 9 64 12 10  7 40 15 25 14 22 10 98  4 66  8 43 16 16  1 54 19 72  0 27  2 52 18 68  5 28 11 74 17 49  3  2  6 59 13 31
13 11  0 16 18 69 10 96 16 28 11 84  6 90  2 10  1 35 12 54  7 39  4 59 14  3 19 26 15 32  8 74  3 84 17 54  9  7  5 79
10  3  8 30 16  4  6 75  5 68  1 30  0 67 19 52  4 94  2 42 17 70  7 74 18 18 14 23 12 71  9 48 11 78  3 87 15 26 13 31
 8 77  0 20  1 53 13 17 14 98 18 74 19  3 17 56 12 41 11 97  3 13 15 40  5 74  9 32 16 40  6 16  2 33  4  7 10 66  7 47
14  2  4 94 13 40  8 13 16 43 18 26 19 61  1 33  9 64 12 16  2 90 17 42 15 70  7 87  5 16  0 38 11 80  6 99 10 92  3 72
 1  5  6 23 10  4 14 97  5 99 15 58  2 54 16 84  8 96  4 35  3 96  0 50 12 71  7 15 17 15 19 91 18  3 13 15  9 99 11 87
 1 32 16  6  9 71  2 39 13  8  5 72  6 61  4  4  7 78 11 35  0 66  3  6 12 75  8 67 14 32 17 39 18 32 10 35 19 96 15 17
18 48  0 61 19 83  5  4  8 90 12 32 10  2  2 76  4 21 13 61  3 70  1 15 15 21  6  4  9 16 17 45  7 81 11 99 16 47 14 41
12 73  2 47 11 68 13 61  5 23  1 19 19 79  9 20 15  8 14 98  6 50 17 97  3 37  0 12 18 24 16 37  4 60  8 65  7 10 10 58
10 54 14 37  3 47  4  4  2 55 15 34  6 38 11 87 16 81  1 82 18  8 13 88 19 38  5 53 17 28 12 55  7 97  0 69  8 64  9 77
 7 37 12 96  8 52 10 76 11 68  2 57  4 39  9 70 17  6 18  2  0 70 19 20 16 20  3 29 13 48  6  6 14 28  1 62  5 64 15 26
15 84 17 58 18 88 12 98  9 10 10 22  4  6  0 19 16 16  3 72  2 88  5 43 14 72 11 67 13 19 19  6  6 37  1 20  8 74  7 96
15 19 12 44  4 53  2  9  1 15 16  3  8 11  0  3 10 90  3  9 17 33 14 11 11 42  9 93 13 34  6 29 19 15  7 79 18 28  5 70
12 54  9 64  2 53  1 69 16 33  0 53 19 46  7 56  6  3 18 30 14 70 10 44  4 38 11 91  8 75 15 76  3 92 17  3  5 72 13 26
 5 62  7 25 18 95  3 44 10 48  8 39 15 22 16 29  4 71 17 32 12  1  0 66 19 98  2  8 13 51  1 78  9 61 11 37  6 36 14 37
19 85  9 34  8 50 18  4 13 59 17 16  4 50  3 53  0 36 15  9  5 75 10 62  7 51 16 40 11 15  6 42  1 58  2  7 14 74 12 32
11 54 12 34 14 24 15 51 13 74 10 69 17 16  7 69 18 95 16 41  3 83 19 70  9 16  8 92  6 97  2 91  0 32  1 80  5 70  4 19
 9 58  7 60 18 88  5 56  3 64 17 45  6 39  1 50 12 96 19  6  4  5  8 73 10 91  0 42 15 87 14 28  2 57 13 48 16 61 11 38
17 48 13 90 15 21 19 43  3 77  6 16 16 33  7 87 14  4 11 39  1 11 10 51  0 32  2 46 18 31  5 62  9 60  4 52  8 98 12 29
16 15  1 29  6 59  2 29 11 18 18 94 13 38  7 76  3 84 17 42 14 25  8 52  0 37  5 19  4 28 19 41 12 57 15 41 10 43  9 62
10 12  3 27  2 91 13 20 11 11 17 18  6 16 12 41  5 34 15 29  8 79  4 27 18 42 16 59  1 46  9 78 14 60  0 38 19 53  7 66
15 79 19  5  1  7 11 18  6 71 17 23 18 30 10 62  5 43  3 22  8 75 12 94  4 33  2 98 16 74 13 65  0 63 14 88  7  4  9 14
 1 12  6 69  5 36 17 39  2  8  3 84 15 39 19 53 10 79 12 58  0 56  7 24 11 29 18 55 14 87 16  6  9 53 13 36  8  3  4 28
 3 27  6 16  9 28 10 90 14  6 19 37 15 82 11 24  5 94 13 88  8 74  1 57  7 35  2 48  0 95 12 81 18 25  4 66 17 74 16 42
10 88 19 98 14 74  0 56  9  5 18 50  7 88  5 86 12 88  8 81  3 87 11 32 13 22  6 77  1 92 17  9  4  9  2 60 15 99 16  1
18 48  4 88  6 40 16 66  9 15  5 82 17 30 12 83  3 40 15 94  1 19 14 80 11 41 13 36  8 70  0 78  7 61 19 88 10 52  2 64
 0 37 17 25  2 30  6 57  9 91 19 73  5 94 12 32 13 87  8 25  1 27 11  3  4 93 15 97  3 31 14 86  7 34 18 69 16 68 10 18
16 19  6 22 19 28  5  3  3 27 12 30 14 74  4 69  7 78  2 30 13 44 10  2 17  5 11 92  9 58 15 92  1 28 18 23  0 87  8  2
 0 54 17 91  8 61  3 78  7 59 13 62  5 59 18  5  4 95  9 36  6 67 15 77 10 93 14 69  2 81 11 53  1 19 16 79 19 71 12 81
11 72  1 21  7 34 14 83 12 25 17 53 16 74 19 35 13 49  4 99 18 43  8 93 10 99  2 79  3 31  5 79  9 83  6 81 15 81  0 39
10 56 14 91 17 76  3 56 11 14 19 71 16  9  9 33  1 92  2 20 18 44 12 36  4  8 15 32  0 31  6 83 13 70  8 96  5 58  7  5
 1 22 14 55  5 85  4 51 11 16  9 68 12 40 13 67 10 64  6 29  7 53  3 71 15  1 16 60  2 26  8 82  0  6 18 65 17 69 19 61
12 15 13 70 17 79 14 31 10 60 16 28  5  3  9 17  3 43 19 88  7 52 11 30 15 63  0 88 18  9  2 27  1 51  6 26  4  1  8 34
 5 78 18 82 12 70  7 24 15 78 10 12  6 77  4 71 13 10 11 19 17 19 16 48  1 59  9  8 19 23  8 81 14 84  3 40  0 40  2  4
10 34  1 75  5 36  3  9 18 27 17  6 16  5  0 59 14 54  8 57  4 92  2 90 12  8  9 86 11 19  7 88 19 49  6 71 13 92 15 81
 1 27 10 10 16 86  7 81  3 97  0 47  4 46  9 64  2 23 17 20 18 81 13 67  8 72 11 73 14 25 15 29  5  5 12 58  6 73 19  2
15 42 18 59 13 78  0 82  7  9 12 53  3 11  1 95  6 75 14 73 11  3  2 85 17 46 10 45 16 30  8 97  9 38  4 26  5 89 19 44