130 20
17 81  8 79  1 25  2 44 16 63 12 19 10  6  3 28 13 71  9 94  5 24 11 27  6 83 15 83 14 80  0 30  4 12 18 21 19 94  7 39
10 51  7 80 12 71 19 70  3 34 15 30 16 61  4  7 11 31 13 43 17 30  2 83  1 81  9 30  0 46  6 37  8 98 14 91 18 12  5 72
10 58 11  9 12 91 15 88  1 84  6 17  5 99 17 95 19 79  7 91  2 79 13 47 16 98  8 33  3 65  9 30 14 57  4 99 18 55  0 30
19 98 16 74 13 61  1  5 15 49  4 24  3 73 11 25  8 79 12 99  6  6 14 91  5 29 10 45  7 78  0 60  2 69  9  4 18 11 17 14
 7  8 10 62  0  3 18  9  8 92  6 68  5 33 15 78  3 16 11 75 14 96  2 61 17 52 13 63 19 24 16 51 12  7  1 36  9 14  4 73
11 52 18 38  4  7  5 55 19 71 17 50 14 65 10 87  9 46 13 47 15 50  7 11  8 11  2 82  0 95 16 60  6 75 12 88  1 76  3 45
 4 84  8 49 16 69 11 25 19  2  2 80 14  6  7 52 17 23  9 25 12  2 15 64  6 62  3 75  1 23  0 24  5 12 13 52 10 64 18  4
 4 95 18  1 13 18 14 47 19 91  9 73 11 41  8 40  1 32 15 13 17 54 12 81 16 35  5 52  6 17  3 39  2  9  0 39  7 72 10 67
19 31 15 82  8 83 16  8 10 44  7 76  5 35  3 87  2 86 13 59  0  4  6 31  4 91  9 64 11  9 14 64  1 18 18 34 12 45 17 96
13 61  2  3  8 32 12 99  4 58 11 81  9 34 14 93  5  1 15 49 10 26 18 15  1 15 17 50  6 40  0 78  7 48  3 20 19 78 16 35
 6 35 10 12 16  7 11  1  3  7  5 32  2 98  1 48  8 80  0 91 17 46 15 25 13 36 14  8  4 61  9  2  7 96 19 55 18 99 12 44
13 30  3 57 10 19  5 62 18 81  4 22  2 14  8 82 17 36  6 57  7 71  9 80  1 88 15 18 12 31 16 56 19 37 14 86  0 56 11 93
 5 10  0 30 17 89  1 15 11 57 18 44  4 81  9 94 15 79 16 17 19 64  8 70 12 27 13 54 14 74  7 73 10 43  2 60  3  9  6  2
10 97  4 74 17 49  0 35 16 26 12 22  1 59  7 51 14 89 11 76  6 13  9 88  2 51  8 99  3 51 15  1 18 17 13 17 19 34  5 48
14 29  3 49 18 87  6 29  0  1 16  5 17 67  8 37  1 79 11 46 10 50 13 48  7 14  2 85  5 69  9 42 12 11  4 57 15 80 19 33
 2 11  7 42  0 96 11 51 18 21  5 68  8 50 14 52  9  1 10 36 17  5 15 43  4 99 16 56  3 42 13 86  1 50 19 28 12 94  6 61
 2  7 14 77  0 33 12 30 18 13 10 83 19 34  3 49  7 15 16 98  1 89  9 86  6 38  4 78  5 95 17 28 15 65 11  8 13 29  8 60
10 43  0 97  3 76 18 44  4 89  1 21 19 40  8 48  7 97 14 19 13 74  5 54 12 71 11 93 16 11 15 76 17 73  6 28  9 99  2 55
12 13  1 44  2 45 17 74 10 88  5 73 16 36  4 55  9 82  3 54 13 36 18 51 15 61  8 32  7 92 11 67 19 78 14 87  6 41  0 92
18 26  2 61  5 17  8 84  0 40 14 13 10 21  4 55  1 71 19 12  6 57 12 52 11 80 16 98  7 92  9 22 13 18 17 63 15 30  3 49
 1 73 18 39  5 97  8 38  3 24 11 25  9 32 15 39 10 76 13 99  7 66  0 55 16 99 19 25 17 49  6 87  4 20 12 57 14  6  2 95
18 76 16 38 19 10  6 74  4  9 17 25 15  7 14  8  8 18 13 34  3 76 11 46  0 91  5 23 10 10  7 25 12 30  2 56  1  4  9 53
12 38 15 40 10 13 17 61  6 92  0 63  4  8  5 67 11 40 13 71  2 25 18 21  9 30 16 71 14 24  3 28  1 98  7 73 19 84  8 11
 8 83 19 40  5 85 11 22  4 14 10 69  6 82  3 55 16 53  9 41 12 29  2 54 15  6  1 10  0 82 14 67 17 33 13 44 18 44  7 69
14 32 15 45  1 13 13  2  2 28 11 15 17  1 12 90  3 85 18 62 16  5  0 32  8 90  9 23  4 61 19 70 10 84  7 16  5 13  6 40
 2 13 10 18 14 26  8 24 11 67 18 30  6 53  3 27  0 48  5 94  7 27 16 46  9 67 12 50 13  3 15 52  1 40 19 81  4 15 17 72
 4 40 16 20 10 88  6 51 15 56  5 87  8 86  0 49 13 43  3 17 11 85 19 68 14 45  7 48  1 81 12 46  2 11 18 15 17 13  9 43
14 83 17 12  6 72  3 84  9 14 19 47 16 24  5 78  1 86 15 40 11 52  7 53  4 86 10 80  2 95 18 95 12  6  8 74  0 90 13 90
15  8  7 66 10  1 13 37 17 77  8 26  5 86  1 69  0 92  9 44 16 17  6 91  3  4 12 69 14 78 19 47 18 47  4 96 11 56  2 96
16 47  8 51  7 64 18 12  2 44 12 85  0 61 10  5  5 70  3 84 13 26 19 25  9 79 11  1  1 82 17 32 15 65  6 32  4 86 14 22
 8  4  4 51 12 97  1 12  3 60 19 42 17  8 10 50  9 24 14 91  6 60  0 41 15 22 18 38 16 24  7 14 11 38  5 87 13 63  2 52
18 82  2  5  0 15  9 40  5 10 11 90 17  3 14 26  7 64 19 37 16 84  6 74 13 83  1 96  3 85  8 92 10 99 12  3 15 94  4 28
 0 14 11 94  1 56 12  1  8 24  2 28 15 39  6  3  7 61 17 36  3 49  4  4 13 75  5 39 18 32 10 11 19  7  9 99 14 72 16 56
 7 34  3 55  6 27  4  7 10 95 19 10 13 59  2 42 16 25  0 41  1  7 11 78  9 80 18  8 15 69  5 34 14 44 17 85  8  5 12 43
 9 86 18 33  1 46 14 16 12 88  2 91 15 95 19 19 10 89 17 81  0 94  6 50 13 52  5 94  4 62 16 47  7 26  8 75  3 45 11 88
12 39  5 82  9 72  8 17  3 66 15 59 19 89 10 36  4 69  0 31 11 81  2 64 13 39  6 87 18 41  7 13 16 34 14 72  1 62 17 28
16 89  7 26  9 53  3 42 17 11  5 51  0 74 13 11 15  5 19 30 18 97  8 68 10 43 12 76  1  2  2 61  4 42 11 28 14 34  6 64
 0 54 10 75 16 29  5 18  4 93 17 10 11  1  2 53  9  7 18 33 13 98  1 60  6 90  7 33 19 17 14 19 12 75 15 29  8 74  3 92
 0 87 12 76  1 27 11 59  4 50 13 13  8 41  7 60 18 87 10 52  5 20 16  9 15 84 14 93 19 27  3 88 17 11  2 90  6 54  9 11
 9 85  4 77  6 34  5 96  8 86 12 85 14 51 15 64 19 28  2 44  0 45 10 50 18  5  1  4  3 24 17 47 16 13 13 59  7 76 11 57
14 39 16 15 13 44  7 89 10 84  5 37  2 37  8 89 17 61  9 33  1 72  3 85 11  8 15  6 19 93  0 62 12  3 18 97  4 76  6  4
 8 72 15 41  6 46 12 64 13 17  9 99  2  9 18 29  3  2  0 72  4  4 10 51  7 41  5 35 16  3  1 11 19 41 17 22 11  8 14 79
15 51 12  1  9 50  1 18  0 76 18 28 14 73  3 47  8 28  7 20 17 36 10 17  5 95  4 87  6 31 11 82 16 78 13 53 19 83  2  1
 6  2  2 51  7 69 18 21  8 82  9 78 13 40 12  2 19 56 14 64  0  3 16 90 10 32  5 43 11 76  3 16 15 67  1 26 17 30  4 31
 5 67 18 51 12 34  4 27  9 46  2 57  7 36 16 56 14 16  3 56 10 27 11 96 19 70  0 18  1 45 13 30  8 32 17 47  6  1 15 64
 8 30  5 81 19 57  6 42  4 64 12  8 16 90 13 95  0 97  3 82  9 11  1  7  7 85 10 43 18 94 15 85 14  1 11 11  2 95 17 81
19 41  9 67  3 95  0 58 18 87 14 54 16 60 15  1  2 69 17 13  4 99 11  5  6 25  5 45  1 38 10 20 12 40  8 18 13 25  7 34
 9 58 17 93 16 53 15 81 19 34 10 73 18 97  2 42  1 20  4 71 11 22 12 21  3 31  0 99  7 36  5 99  6 38  8 12 13 25 14 22
14 96 15 82 16 74  5 38 10 52  7 93 13 17 12 81  6 19  0 18  3 11 11 60  9 93  1 69 19 27  8 73  4 57 18 46  2 38 17 61
 6 50  2 27  8 71 12 70  3 36  9 82 10 90 13 18 15 93 19 97 11 24 17 93 14 56  7 51 16 89  4 66  0 29  1  8 18 97  5 41
15 64 18 42 13 32  5 37  4 47 14 45 16  7 10 84  6 20  0  1  1 18  9 14 11 88 17 74  8 56  3 69  7 15  2 20 19 63 12 81
17 25  0 29 11 57 12 48  2 90  1 31  4 57 16 86  7 48 10 41 15 80  6 28 19 53  5 39 13 81 14 34  8 88  3 23 18 96  9 21
13 58 15 96 10 74  8 57  4 52 12 66 14 23  1 38 11 95 19 34  6 80  5 52 17  7 18 76  9 23  0 95  7 94  2 86 16 95  3 88
10 53 15 68 12 50 19 95 13 52  8 19  2 81  5 42 17 73 14 50  4 33 16 60  1 82  3 73  9  7  6 73  0 57 18 56 11 82  7 79
 2 36  6 44 11 87  5 86 16 84 14 98  0 83 13 69  8 31 19  2  7 32 15 34  3 33 17 98 18 10 10 14  1 85 12 98  9 72  4 51
13 28 12 13  1 30 15 79  6 50  4 45  2 48 17 31  7 13  9 15  3  8 19 96  5 36 10 63 16 65  8 99 11 72 18 73  0 48 14 89
12 35 16 65  6 20 13 50 18 75 15 13 11 72  4 52  0 72  2 85 17 50 14 11  1 58  8 36 19 54 10 50  9 84  5 32  3 97  7 61
10 97  2 70  0 29  4 73 17 35 18 64  6 69  5 15 19  1  1 64  9 13  8 30 15 66  3  1 11 31 14 49 16 82 13 71  7 74 12 40
 8 51 12 80 14  2  0 71  1 18  3 12  9 91 10 35  5  4  4 75 16 46 11 20 13 54 19 17  6 29 18 53 15 64  2 51  7 82 17 36
13 21 15 78  0 76  5 90 11 12 12 47  7 25 10 95 14 90  4 38  3 17  1 11  6 85 19 42 16 42  8 40 18 68 17 37  9 90  2 26
 7 61  1 65  0 89  2 67 17 18  9  6  3 85  8 43 15 97 18 29 16 64 11 42  6 18 10 29 19 43 14 78  5 36 12 99 13 73  4 24
16 69 13 23 10 67  3 75 14 21  6 43 18 72  0 90 12 39  9 32 15 72  2 46  5 62 11 24 17 75  7 71  4 15  8 55  1 94 19 37
15  2  7 84 16 93 14 70  0 39  4 65 13 24  1 93 11 92  3 95  8 80 10  3 17 31  9 13 19 63  6 16  5 91 12 22  2 79 18 81
18 80 19 79  7  1  3 42  1 96 11 38 10 40 12 29 13 85  4 94  8 30 14 12 17 36  2 25 15 20  5 46  6 43  0 42 16 44  9 96
12 79  6 18  9  4 14 55  1 50  3 31  7 73 15 55  8 39 16 24  0 99 13 60 18  6 19  4  2 68  5 25 17 14  4 93 11 38 10 83
 8 17  5 61  1 83 18 80 10 36 12 60  9 50  6 89 11 60  4 41 17 16 15 48 14 64  3 56 13 60 19 28 16 15  7 91  2 32  0 22
 8 65 17  2  1 16 13 31  9 98  0 83 10 87  6 94  2 79  3  6 11 97 14 40 15 56 18 46  4  5  7 65 12 92  5 60 19 35 16  6
 2 87  4 86  3 23 14 79  9 69  7 26 12 91 10 31 17 80 18 20  8 75 13 74 11 90  6 81  0 52  5 74 15 56 16  8 19 60  1 58
14  4  6 81 15 81  0 83 18 45  2 51 17 71 13 11 10 48  9 71  5 48 16 98 19 25 12  3  7 96  3 23  1 13  4 34  8 60 11 51
12 91  2 77 13 28 19 86 15  6  1 63 11 45  0 13  6 53  7 19 10 12 17 16  9 48 16 38  5 53  3 90 14 27  4 62 18 91  8 29
 8 96  4 14  0 43 17  8  7 83 19 56  3 32 15 40 12 89 14 88 13 48 11  9 10 63  5 58  2 59  6 88 16 51  9 36 18 65  1 10
15 95  2 75  4 25  3 56  6  8  8 38  9 60 16 95  0 21 11 31  1 99 14 58 19 71  5 45 18 30 12  9 17 53  7 57 13 72 10 55
 2 72  8 42 13 75  3 58  1 70 18 91  0 58 10 99 17 33 19 34  5 10 15 60  4 66  6 69 16  6  9 43  7 78 12 64 14 34 11 87
 0 32 15 54 11 82 18 87  4  5  5 77  1 19 17  6 16 96  6 11  3 63 12 66  2 52 13 97  8 86 10 41 19 11  7 90 14 34  9 28
11 62  3 48 19 22 13 47 18 32  5 18 14 40  0 92  7 27 17 40  6 72  1 49 16 57 12 67  4 17  9 13 10 24  2 28  8 26 15 92
 1 26 16 58 17 99  7 12  3 87  9 68  6 65 10 60 19 85 15 59 14 31 12 32 13 79 18 38  4 88  5 80  2 56  0 90 11 80  8 53
15 81  9 37  3 51 12 60  1 62 11 58  0 67 13 62 18 98 10  3 14 83  7 73  6 94  5 85  4 72 19 65  8 24 16 70  2 93 17 17
12 31 19  1  6 70  5 24  4 49 13 77  7 51 17 73  8 37  3 81 18 78 15 70  0 74  2 64 16 16 14 96  1 27 10 51  9 97 11 64
 5 57 11 16 12 75 17 47  1 33 15 46 14 91 19 65  6 76  0 15  3 75  8 53  4 54  2 42 13 12  7 11 10 70 18 72  9 31 16  8
11 41  9 66 12 84  2 51  6 13  0 29 17 50 19 72 10  8 13 44  4 24 15 82  1 14  3 55 14 84 18 29 16 93  8 54  5 90  7 59
11 64  2 48 14 78 19 83  5 55 16 70  8  9  9 27  7 47  1 55 12 97  0 25 18 66  4 82  6 98 10 41  3 92 17 96 15 58 13 65
18 23  1 38  5 86 15 43 10 49  2 14 12 90 17 89 11 57  0 39 16 78 14 65  4 74 13 73  9 21 19 93  8 24  3 25  7 63  6 58
 6 30 10 79 12 27 11 67 16 25  9 77  2  6  7 29 19  1  8 42  1 37 13 75  4 38 15  1  3 34  5 91 18 70 17 59 14 34  0 74
 3 17 17 52  4 70  2 54 16 36  8 64 14 68 12 63  0 74  9 23 15  5  7 76 13 75 18  9 11 17  6 19  1 55 19 85 10 13  5 31
 7 18  5 97 12 14  2 28  6  3 19 35  0 91 15 39  1 74  9 11 18 60  4 78 17 20 16 18 11 53 13 24  8 46 14 87  3 60 10 40
 8 74  9 46 15  8 12 77  0 23 18  4  4 31 14 52  5 28 10 49 19 44  7 76 13 51  3 11  6 60 17  2 11 66  1 41  2 98 16 45
19 43  6 32  1 76  3 39 10 32  5 97 15 64  8 80  9 34  7 22  0 40 16 63 17 12 18 14 11 32  4  6 14 82 12 29  2 17 13  8
11  9 10 34  6 61 14 48  0  9 13 57  3 83 12 47 19 69  2 95 18 99  5 25  7 62 16 99  9 72  4 12 15 16  8 23  1  9 17 35
12 60 15 49  1 57  4  5  5 77  8 96 14 56 13 96  3 50 17 84  6 70 16  3  7 26  2 64 10 11 19 94  0 26  9 81 11 53 18 19
13 98 19 49  0 86 11 13  7 56  6 45 12 54 14  9 16 47 15 68  8 39  2 10 10 44  4 94  1  4 18 45  9 31 17 88  3 68  5 96
 4 45  7 91  1 93 17 20  0 16  5  7 12 10  8 45 19 75  2 43 10 16  6 28  3 23 11 68 14 61 15 75 18 18 16 87  9 72 13  4
12 26 11 71  1 11 16 46  7 47  0 68  3 73  8 62 14 54  5 30 15 35 19 27  2 75 10 36 18 64 17 50 13 99  4 31  9 66  6 81
 6 82  2 48  9 34 18 86  3 79 19 71 16  3 12 25 13 57 17  9 15 20 11 87  8 54  1 58  5 53  7 69 10 19  0 26 14 74  4 23
 0 89 12 14 17 18 15 95  1 43 19 80  7 23 18 25 13 40  4 98  6 95 10 74 16 70 14 49 11 53  3 71  8 24  2 80  9 50  5 49
13 83 18 33 17 78 12 95  5 46  4 92 15  3  1 91  0 70 16 36  2 97  8 70 14 68  3 84 10 20  9 50  6 46 11 67 19 22  7 26
18 29  8 65  6 81  4 28 15 46  0 76  2 47 14 45 12 36  5 94 10 72  7 78 17 18 13 57  3 95 16 82 19 95  9 26  1  9 11 21
12 19  0 85  8 84 14 73  6 25  9 97 15 95  3 41  1 33  7  7 16 38  2 70 18  2  4 73 10 91 19 77 17 31  5 61 13 91 11 99
11 77 19 90  4 70 10 19  5 64  8 89  6 97 12  6  2 26 18  6  0 54  7 74 15 69 16 54 17 96 14 72  1 10  3 97 13 37  9 21
10 49 19 41  0 36 17 88 18 33 12 28 16 77 13 44  4 66  5 20  6 50  3 33 14 98  2  3  1 81  7 75  8 92 11 13  9  1 15 48
15 79  5 32  6 76 17 49  7  5 11  6 19 77 13 92  0 48  9 17  2 59 14 40 16 79  3 16 10 36  1 59  8 41  4 59 12 86 18 25
 0 25 14 42  7 57  9 49  2 50 16 20  6 35 11 84  1 49 19 20 15 65 10  3  8 29 13 28 12 97  4 11 17 90  5 47 18 56  3 15
15 76  3 37  9  4  1 41  6  5 10 77 12 55 14 24  4 45 16 64 13 27 19 16  2 63  7 49 18 81  5 51  0  7 11 84  8 51 17  6
10 22  9  6  5 97 12 75 11 62 15  7  0 38 13 86 19 49 18 18  6 82  7 68 17 22  2 18  1 21 14 46  8 41  3 78 16 76  4 82
10 28 13 34  1 83 12 61 14 52  9 73  4  4  8 79  6 53  2 77 11 50 18 18  7 90  3 41 19 75 15 51 17 43  5 91  0 77 16 13
 8 60 19 64  4 95  7 93  6 20  9 34  2 79  0 14  5 56  1 31 18 24 10 94 16 83  3 96 13 44 14 18 17 23 11 62 12  2 15 94
 6 53  2 49 14 72 19 60 12 80  7 53  1 92 10 44 16 15  8 42 13 78 18 88 11 58  9 34  4  1  3 99 17 71  5 46 15  4  0 69
11 50  6  5  2 59 15 26  9 35 18 40 14 48 13 71 17 17  0 89  8 97  7 69 16 85 10  1  4 45  3 12  1  6  5 60 12 91 19 80
11 76  6 47  4 33 13 80 12 49 15 92 18 18 19 30  9 34  3 66 16  8  0 10 10 44  8 18  7 95 14 19  1 76  5 20  2 56 17 31
14 80 11 92 19 41 16 86  1 90  3 50  5 22  7 85  6 92  0  4  9 74 15 55 17 11 12 99  4 35 10 97 13  6 18 71  2 79  8 75
13 36  3 12 17 81 19 48 11 69  0 33 10 10  9 61  6 58  2 71 14  8 16 24 15 69 18 63  1 58  7 80 12 31  8  9  5 45  4 62
 8 13 15 50 14 56 11  8 10 33  3 96  0 94 17 43 16 46 13 57 19 57 12 46 18 63  4 19  9 88  7 33  5 99  1 57  2 51  6 92
19 92  1 99  4 68  2 20  0 22 11 94  7 15 16 11  3 20 10 30 12 13  6 11 17 83  5 28 18 10 14 37  9 52 13 98  8 25 15 85
 3 33 14 85 13 61  0  1 12 19  7 58 10 34  5 87  8 61  1 15  2 27  6 15 11 62  9 19 19 99 16  9 15 10  4 13 17 92 18 64
11 32 17 58  2 38  9 92  5 85  0 87  3 69  6 91 19 53 18 71 13 94 16 49  8 98  7 32 10 22 12 19  1 95 15 95  4 44 14 11
12 24  0 70  4 85 14 52 19 17 10 84  7 68  2 16 17 18  6  1 16 60  3 98 18 86  5 31  9 71  1 88 11  5  8 64 15 36 13 89
 8 76 16 23  2 23  1 61  9 36 13 97  7 93  5 27  3 80 14 52 19 59  0 92 18  5 10  4 15 34  6  5 12  9 17 68  4 48 11 59
15 23  7 57  1 79 18 99 14 32 16 30 17 43 19 57 11 44  4 32  6 79  3 77 12 17  8 72  9 99 13 69  2 87 10 37  5 65  0 27
 4 70  9 85  7 89 10 43 15 51  2 78 19 13  1 48 12 94 11 98 13 86 17 12  8 59 18  4  5 42  3 23 16 63  0 92 14 94  6 69
 2  2 14 72 17 13 19 15  5 26 16  6  0  8  6 22  7 26 18 58  9 69  4  3  1 74  8 28 15 89 13 19 12 22  3 35 10 91 11  4
 2 70 19 36  9 62  0 97  7 33 14 98  1 37 13 84  4 47  3 49 16 64 15 28 18 23  6 54  8 79 17 70 11 26 10 12  5 17 12  7
17 81 18  6 15 60  2 34  1 27 16 87 11 52 13 42 19 22 14 79  5 20 12 65  9 80 10 14  0 55  6 16  3 43  8 29  7 64  4 44
 0 70  7 31 17 88 18 86 13 35  1 62 15 29  2 10 10 87 19 89 16  9  8  3  3  1 12 71  5 60  6 66  4 15 14 74 11 14  9  9
 0 62 10 62 11 67  9  2  7 48  4 72 15 39 17 11  5 34  6 50  2 81 14 18  3 82 16 13  1 72  8 10 13 55 18 61 19 50 12 83
16 86 18 11 12 78 10  8  2 15 17 77 15 43  1 38 14  3  9 54  3 78  5 28 19  9  6 67 13 13  4 92  0 45  7 60 11 22  8 97
15 52 18 86  5 78 12 76  9 40  3  7 10 91  7 25  1 45 13 84  6 29 16 73  0 22  2 46 17 19  4 75 14 64  8 63 19 59 11 61
11  8 17 39  5 98  0 22  2 81 19 17 14 65 16 64  7 69  6 31  1 61  4 24  3 80  8 57 18 89 12 71 15 10 10 19  9 38 13 54
19 26  2 14  4 86  9 60  1 65  6 84  8 34  7 73 13 13 18 27 17 38 15 53 16 33 11 48 10 29 14 41  3 80 12 73  5 65  0 60
11 55  1 43  7 17  6 27 19 75 10 92 13 84  9 53 12 56  4 31 18 87  5 93 14 77 16 60 17 76  0 83  8  6 15 47  3 99  2 35
18 95 11 68 17 38 12 23  6 93  3 10  9 85 16 86  1 34  2 45 10 14  5 87  7 99 19 96 15 47  0 57  8 43 14 80 13 41  4 48
 1 56  7 24 13 35 17 42 10 92 16 69  2  1  4 99 14 31 11 51  5 34 18 42 15 39 12 45  0 26 19 42  8 74  9  9  3  6  6 71