130 15
 0 71  9 50  4 11 11 95  3  4  1 66  2 37 13 74  6 45  7 58  5  3 14 49 10 71  8 83 12 77
 2 46  8 12  9 93 14 32 12 56  0  6  6 34  5 67 13 90  4 52  1 55 11 30  7 59 10 56  3 37
 6 66 14 97  3 47  9 59 10 27  4 32  0 56 12 21  7  7  1 34  5 54 13 96  2 17  8 69 11  4
 4 28  3 51  0 76  5  5 13 79 11 40 14 12 10 68  6 70  2 88  8 97  7 74  9 15  1 85 12 81
 3  8  7 22 14 57  8 90 13 88  6 44  0 78 12 95  4  5  2 47  1  5 10 26  9 78  5 60 11 96
11 94  4 29 10 96  6 70  1 91 14 88  8  2  9  5  3  1  2 10  0 45  5 87 12 36 13 22  7 12
 6  2  2  5  5 35 10 34 13 77  4 57  9 84  1 36  7 55 12 95 14 33  0 81  8 28  3 34 11 88
10 75  9 50  1 89  4 96  7 73  5 95  2 42  6 95 13 66 12 86  3 80 11 29  8 79 14 86  0 45
 6 72  1 21  2 89  5 33 10 53 14 23  7  5 11 78  8 69  9 99 13 24  0 46 12 23  4 44  3 39
 4 56  8 88 12 19  0 72 13 63 14 97  2 70  5 93  1 92 10 10  3 65  6 14  7 58 11  3  9 49
 9 68  8 14 10 47 12 85  3 38  0 73  7  9  1 22  2 29 14 30 13 33  6 88  4 56 11 63  5 97
 8 23 14  7  5 38  7 88  4  1 12 23 11 22  9 14  3 99  1 11  6 64 10 49  0 54  2 86 13 53
 0 93  4 43  7 73  6 24 11 10  5 97 14 98  3 79  8 12 12 38  1 41 13 94  9 94 10 65  2 48
14 40  0 46  6 41  8 98 11  6  7 31 13 16 10 15 12 31  4 45  1 83  3 83  5 85  2 51  9 44
13 18  7 18 14 42  0  1  6 59  1 15 10 37  8 17  2 44  4 67  5 74 11 52  9 82 12  8  3 33
 8  2  7 79  6 29 10 64  9 96  2 65  1 13  0 37 14 46  3 50 12 93 13 96 11 23  5 10  4 13
 3 83 14 39  9 29  7 32  6 44  8 57  4 26  2 67  1 41 10 67  0 95  5 27 12 60 11 98 13  2
 1 19  9 18  3 67  4 39 13 89 12 37 11 17 14  4  6 17  5 42  8 48  0 29  2  7 10 46  7 46
 0 77  6 36 12 74  5 50  2 30 10 11  9  8  8 32  7 34  4 86 11 84  1 46 13 92 14 75  3 91
 6 63  8 26 13 67  0 16 10  4  3 89  5 22 12 84 14 93  4  5 11 66  2 23  1 93  7 81  9 26
 9 63 14 22 12 90  5 40  8 67  6 18 10 10  0  4 13 43  3 69  7 44  2 52  1  8  4 27 11 65
10 12 11 98  3 55 13 49 14 48  2 27  7 43  9 73 12 50  1 61  5 98  8 12  0 33  6 73  4 31
10 27  5 24 12 61  0 55  1 21  3 58 11 37  8  3  7 40 14 98  9  5 13 88  2 22  4 39  6 63
 5  8 12 18  7 85  4 86  0 70  1 59  2 68 13 53 10 31 11 38  6 35  9 73  3 81 14 64  8 18
 3 96  4 81 12 88  1 61  9  7  0 56 13 70 10 90  5 94 14  3  6  8  7 37  2 15 11 44  8 12
 0  1  6 65  7 69  8 19 14 36  9 13 13 86 12 37 10 95  4 46  1  8 11 67  5 96  3 91  2 83
 5 20  9 33 10 88  2 97  4 16  3 98  1  3 12 56  7  5 13 40  8 83 14  1  0 36 11  5  6 67
 6 10  3 32  5 37  4 52  0  8  1 50  2 87 13 31 10  3 12 48 14 19 11 10  9 50  7 59  8 62
12  9  0 69  1 99  8  2  9 28  6 28 13 49  7 43 11 22  3 87  4 53 10 35  5 92  2 19 14 88
 2 74 10 28  0 62  4 52  1  6  5 98  7 19  6 24 14 36 13 47  9 16  3 40  8  8 11 45 12 83
12  9  5 33  9  2  3 36 11 84  6 96  1  1  8 71  0 80 10 14  4 72 13 87  2 16  7 27 14 64
 0 21  8 66  2 27  9 10  3 69 12  8  7  8 13 37 10 74  5 84  4 96 11 73  6 59  1  1 14 45
10 31 11 32  6  1  0 98  3 94  5 36 14  5 13 31  9 18  4 41  1 54  8 70  2 53  7 32 12  9
10 35 11 64  1  6 12 63  3 73  8 55  2 11  5 60 13 19  7 24  4 61  9 84 14 43  6 74  0 74
 4 85  7 51 11 92  0 41  8 41  2 30  3 88 14 60  9 77  6 19  1 37 12  9 13 79 10 46  5  2
10 78  9 91  8 50 14  2  7 91 13 96 11 71  2 92  4  9  6  3  1 59  5 45  3 94 12 83  0  7
 0 37  1 31  7 17 13 27  6 21 14 66 12  9 11 18  4 94  2 53  5  5 10 88  9 37  3 24  8 60
 3 83  6 31 12 53  0 39 14 52  1 46  9 93  8 24 11 32  7  9  5 30  2 75  4 69 10  7 13 65
 0 16  3 47  5 62 11 11 10 82  6 16 13 56 12 78  7 44  1 38  9 75  8 72  2 10 14 36  4 65
 9 58  3  4 11 82  1 53  0 65 12 21  4 88  7 64 14 96  5 39  6 62  2 18 10 78  8 87 13 49
13 73  5 26  6 14  9 91  0 46  1 47  8 94 14  6 10 96  2  6  4 37 11 58  3 80 12 88  7 56
13 61  8 69  5 83  7 35 10 20  9 60  6 38 11 95  3 78 14 52  1 19  2 24  4 82 12 69  0 75
 4 85  8 54 10 23 12 32 13 93  0 25  3  3 14 41  9 32  7 50  5 48  2 49 11 56  1 81  6 91
 5 76 12 28  4 46  0 11  2 85  3 87  9 61  7  6 13 17  8 40 11 38 10 97  1 49 14 30  6 63
 2 77 12 40  7 12  3 57  4 98 11 74 10 44 14 71  8 67  1 89  9 18  5  1  6 25 13 49  0 86
 0 83 14 78  2 20  9 91  3 95  6 15 11 38  5 84  4 70  1 63 13 48  8  8  7 79 12 24 10 48
10 92 12 84  1 15  4 33  6 64  5 35 11 94  9 72 13 30 14 30  7 52  3 62  8 36  0 32  2 70
 4 63  9 31  8  5 12 41  3 63  1 77 13 88  0 98 14 73  2 11 11 90  7 82  6  7 10  4  5 76
13 47 14 49  0 20  8 32  6 94 11 77  9 89  4 69  1 67  7 53  3 11 10 72 12 87  2 54  5 15
 9 83  1 74 12 63 13  5  6 50  2 90  4  4  7  4 11 61  8 57  5 48  3 46 10 42  0 82 14 98
11 11  7 34 12 95  6 40  3 22  2 89  8 65  4 38 10 14  1 20  0 94  9 22  5 29 14 82 13 16
 6 43  0 79  3  5 12 56 14  7  9 81  2 25 10 89  1  3  4 24  7 90 13 83  5 91  8 10 11 65
 3 66  2 28  7 52 13 72  0 30 11 13  4 93  5 83  8 42 14 12  9 25 10  3  1 24 12 91  6 32
 2 66 11 27  5 97  9 24 12  3  1 25 10  5  7 95  4 19  6 39 14 40 13  4  8 86  0 36  3 43
14 97  0 66  4 57 10 58  1 41  3 23 13 87 12 95  9 53  6 15  7 15  5 68  2 44 11 67  8 87
11  9 14 80 12 35  3 58  2  8  0 34  4 62  5  9 13 74  8 79  6 36  9 60  1 57 10 52  7 83
11 73  0 28  4 37  7 21  8 46 14 80  5 81  6 49 12 10  9 14  1 72  3  6  2 25 13 13 10 48
 3 68  4 84  0 11 12 15 14 13 11 69  8 29  2 67  6 76 13 43  1 74 10  6  5 73  9 25  7 48
 4 82  2 88  6 26  3 26 11  1 12  6  9 21  0  9  1 52  7 33 14 46 10  5  5 32 13  7  8 78
 8 35  7  1  5 15 13 81  4 76  9 39 12 28 11 72 10 93 14  5  6 30  1 28  2 47  0 64  3 94
14 47  3 28  6 32 11 91  2 76 10 55 12  1  1 84  0 47  9 79  8  4  4 48  5 51 13 79  7 16
 8 72  1 25  9 39  2 44 12 37 11 49 14 66 10 25 13 25  0 76  4 53  7 51  3 39  6 30  5 32
 8 81  5 11  4 26 10 71 13 32 11 27  0 73  2  6  6  6  1  4 12  2  7 13  3  2  9 78 14 39
14 81  2  7  3 39  7 13  6 17  0 50 11 33  8 25  4  7 12 85 10 77 13 50  9 69  1 53  5 76
11 71  9 74 12  9 10 20  3 54  6 63 13 98 14  7  5 36  7  5  1  8  4 43  2 86  0 27  8 52
 2 50 13 36  0 13  5  1  3 68  9 38 14 72  1  6 11 79  8 60  4 70  7 89  6 18 12 10 10 17
 4  9 14 50  2 42  1 24 13 63 12 17 11 98  5 90  0 13  8 67  6 88 10 88  3 90  9 32  7 36
13  3 12 64  3  6  2 23  0 95  7 20  9 20  5 35 11 75 10 27  1 30  8 77  4 38 14 81  6 16
 1  5  7 50  8 61  3 61  5 27  6 37  9 65 14  9 12 61  0 53 10 89 11 61  2 33  4 93 13 40
 9 64  3 80  7  4  4 86  2 22  8 27 12 33  6 43 11 43  5 93 13 19 14 66  1 32 10 27  0 49
 8 24  2  7 10 61 14 27  9 87  3  3  5 34  6 39  1 76 12 34  4 47  7 82 11 25 13 70  0 63
14 98 10  1  9 23  4 78  6 33 11  9  1 88  3 37  5 72 12 61  7  7 13 76  0 20  8 81  2 34
10 89  8 38  1 65 14 10  6 84  4 69 11 10  0 19  3 24  9 60 13 70 12 58  5 62  7 51  2 83
 0 90  6  4  3 63 12 44  2 28 10 33  8 79  1 60  9 77  7 14  5 59  4 17 11 82 14 48 13 69
 6 85  1 77 11 17 14 92  8 49  4 93 12 28 13 81  2 59  9 26 10 20  0 16  5 75  7 34  3 79
12 76 10 18  0  5 11 70 14 62  8 89  7 83  2 85 13  8  6  2  4 17  3 30  9 48  1 21  5  4
14 97 13  3  2 66  7 12  1 62  0 60 11 46  5 45 10 34  3 33 12 14  4 61  6 16  8  8  9 62
13 30  2 41 11 70  5 78 10 14  6  2  8 50  9 62 12 62 14  4  3 82  7 41  1 74  4  9  0 93
13 70 11 74  7  7  6 89  4 65  5 78  2 52 10 12  9 72 14 72 12 73  0 70  8 69  3 67  1 42
10 43 14 26  5 24  3 40  9 69  8 32 12 42 13 31  2 45 11  7  4 98  6 55  1 29  0 17  7 85
 5 35 14 55  6  9  0 54  8  4  3 91  2 20 10 47  1 63  7 83 13 68  4 42  9 79 11 34 12 42
 3 75 10 40  2 77 12 12  8 32  9  7 14 76  7 31  0 77 13 40  5 32  4 16 11 28  6 47  1 34
 9 86  6 62  0 48 13 22  8 78 11 81  1 41 12 21  3 56 14 13  5 52 10 68  7 23  2 22  4 84
12 68  5 76  2 15  1 90 10 59 13 13  0 69  7 56  4 31 14  5 11 13  3 35  6 74  8 60  9 52
 5 98 12 55  8 78 14 17  4 42  3 36 11 96  6 27  2 79  7 48  0 33 10 88 13 66  9 77  1 42
 8 55  2 95 14 97  6 39 13  5  5  8  7 46  3 12  1 55 11 17  9 11  0 19 10 36  4 28 12 18
 3 54  1 24 10 37 13 85  0 18  6 43 14  5 12 17  9 42  4 92 11 22  8 78  7 89  5 87  2 16
 6 19  5 54  8  2 12 12  9 84  4  5  3 94 14 83  2 97 11 70 10 79  7 74  0 97  1 35 13 25
 5 10  2 50 14 33 13 72 11 81 12 17  0 61  4 84  9 62  3 25  8 50 10 76  7 60  1 40  6 69
 7 75  2 63  6 94  8 91  3 62 12 80  1 40 13 47 10 29  5 93  9 35  4 85 11 42 14 16  0 47
 2 59  8 48 14 21  6  9  0 95 10 83 11 56 12 43 13 50  4 16  1 60  7 87  9 84  5 91  3 60
13 14  8 78  0 93 10 94  2 60 12 42  7 85 14 35  1 95  3  5  6 13  5 52  9 67  4 76 11 65
12 27 11 37  4 10  9 82 10 70  0  6  8 27  3 76 13 59  7 22  1 15  6 66  5 67  2 94 14 61
13 56 11 96  6 18  4 85  5  1 12 80  3 78  1 63  7 54 10 63  9 19  2 36 14 28  8  2  0 56
 0  6 13 97  9 63 14 95  2 49  4 76 12 84  1 95  3 79 11 39  8 21 10  5  5  5  7 87  6 49
 5 22 14 70  9 55  8  3  0 27 10 45  1 84 13 70 11 33  7  5  2  6  3 15  6 20 12 19  4  9
12 58 13  2  8 93 11 86  4 76 10 30  7 70  2  4  3 86 14 71  0  6  1 71  5 67  6 73  9  2
14 42  7 81  3 50  1 62  4 51  9 89  5  1 10 26 13 28 12 55  6 53 11 79  8 47  0  9  2  9
 7 23  2 82  5 15 13 40  6 88 10 38  9 89  1 55 12 33  3  2  4 30 14  6 11 31  8 70  0 80
 2  9  3 70  7 65 12 92  6 55  4 20 10 99  9 18 14 50  0 83  8 35 13 50  5 94 11  9  1 51
 6 47  8 93 11 97 12 10  7 79  3 25  5  8  4  3  1 30  2 65 13 68  9 58  0 70 14 82 10 10
14 55  3 12  1 29  7  1 10 71  8 95  4 53 12 38  9 92  0 96 11 19  5 48  2 75 13 10  6 60
 7 45 11 32  2 75  1 66  6 91  0 23  9 11  3 82 10 82 13 90  4 97  5 89  8 67 12 65 14 51
14 20  2 28  7 34  4 35  5 51 11 17 12 72  6 59  1 26 13 76  3 54  9  8  0  3  8 56 10 91
 8 28 10 34  6 44 14 85  0 52  2 57  1 18  7 38  4 52 11 19 12 30  3  7  5 18  9 29 13 14
 1 53  7 49 11 64  9 80 10 20 14 38  0 41  6 83  4 51  5 44  3 93 13 75  2 10  8  8 12 28
 1 91  4 99 12 41  5 59 13  2  0 54  3 55  8 58 10  3  6 22  9 10  7  1 11 11 14 87  2 37
 0 29  2 99  6 75  1 13  8 26 13 83  4 88 11 31  9 65  3 23  5 91 10 90 14 41 12 36  7 66
 0 50  2 40  3 57 13 60  7  7  1 40  6 82  4 15  5 66  8 37 10  1 14 43 12 34  9 41 11 36
 5 18 13 18  8 98  4 94  3 33  1 86 10 12  0 93  7 47  2 84 12 36  9 50 14 12 11 63  6 11
 6 37  4  6 12 61 13 45  1 47 11  1  8 70  7 32  2 57  5 13 14 10  0 95  3 39  9 73 10 11
12 68  1  2 10 49  9 94 11 49  2 90 14 53  7 13 13 65  5 55  0 95  3 11  6 71  4 57  8  8
10 89  1  2  5 72  9 71 11 93 13  4  4 14  8 54 14 49  7 13  2 48  3 34  6 56 12 40  0 65
 9 72 10 70  8 21  0 54  6 13  3 54 14 49 11 63 13 40  5 10 12 31  2  1  4 78  7 52  1 67
 5 67  1 22 10 31 14 79  2  2  8 52  3 36  4 39 11 42  6 93  0 59  9 54  7 11 13 33 12 78
 7 83  1 89  5 89  6 49 14 58 11 43  2 43  4 46  9 35  8 46 12 85 13  2  0 61  3 82 10 90
 8 96  7 62  3 58  6 51 14 23  9 89 13 92  0 71 11 85  1 28 10 19  5 75 12 74  2 64  4 88
 6 45  7 35  8 16  1 78  5  6  9 79  0 49 14 51  3 71  4 45 10 83  2  5 13 76 11 60 12 34
 2 78  5 75 14 19 13 64 12 43 10 60  9 34  6 11  1 42  0 36  4  5  3 49  7 95  8 83 11 35
 4 58  2  3 11  5  0 73 12 45  6 93 14 46  1 58 13 77  8 24  7  8  3 82  5 54  9  9 10 34
12 21  1 48  0 99 14 19  9 67 11 47  7 66  3 12  4 43  8 98  2 95 13 28  5 65  6 65 10 18
 8 70  0 15  6 44 12 99 10 91  4 18  3 59  5 34  7 62 14 89 11 29  1 16  2 75  9 19 13 81
13  1 11 69  8  8  0 28 14 31  3 13  5 99  9 47  1 83  2 94  4 80 10 65  7 85 12 24  6 12
13 44  2 56 12 35  7 35 14 21  9 53  6 84  0  5 10 85  1 86  3 74 11 78  8 17  5 26  4 57
 8 89  7 62  4 31 13 76  0 91 11  6  9 84  3 60 14  4  5 40 10 22  2 45  6 19  1 11 12 65
12 97 10 92 13 94 14 52  3 91  8 51  6 73  4 96  9 44  7 17  5  4  0 79 11 25  1 11  2  4
10 55 13 80 14 43  9 96  4 75  1  7  6 57  8 47  5 52 12 83  7 87  3  3  2  5 11 28  0 95
 2 31  3  5  4 80  7 40 11 94 13 37 10 87  8 52  0 53  5 38 14 79  9 32  6 90  1  3 12  5
 9 92 12 45  1  9 14  3 11 13  4 31 10 46 13 56  6 79  7  3  2  7  3 39  8 32  5 41  0 72
13 62  2 78 12 32  6 99  4 49  5  4  8 37  7 87 10 88 11 65  1  8  9 67  0  2  3 72 14 12