150 20
17 29 19 72  8 99  1 21 12 96 16 22  2 46 18 19 13 25  0 37  6 12  4 44  9 97  3 64  5 89 10 34 11 48 14 63 15 44  7 96
 6 43 15 56  5 93 13 65 11 87  1 67  3 21 14 65 17  5 16 81 19 17  4 87  7 19 10 75 18 19  8 52  9 22  0 18 12 43  2 85
15 66  5 76  6 95  8 76  4 41  7 20 10 48 19 78 16 42 18 88 13 81  0 32 11 77 12 17 14 82  2 46  9 51 17 48  3 94  1 77
 6 21  0 42  7 85 19 62  1 22 16 44  2 18 17 28 18 58  8 44 13 52 11 32 12 26 14 92  3 56  9 92 15 59 10 11  5 16  4 69
 0 74  7 93  2 60 12 30  6 20  8 92 13 80  9 91 16 52 17 51  5 21 15 39  3 24 18 97 14 83  4 59  1  9 10 84 11 45 19 67
 8 92  2  6 17 67 13 56 16 69 11  8 18 36 19 58  9 13 14 53 10 68 12  2 15 10  1 63  7 77  3 42  6 55  5 60  4 86  0 75
10 31  7 86 19 33 17 71 14 84  0 46  9 49  4 69 13 61  3 26 16 32 15 59 11 44 18 57  1 44  6 85 12 10  2 60  8 50  5 71
 7 32 19 97  5 76  9 16  2 68  3  9 14 84 11 65  0 18  1 44  4 70 10 53 18  8 15 45  8 25 17 52 16 98 13 57 12 49  6 51
12 56 16 82 15 92  0  9  5 63 18 90  1 39 19 82  2 32  6  3  8 26  9 11 11 35  3 66 10 11 17  9 13 26 14 34  4 63  7 58
15 26  1 48 14 69 11 92 16  1  4  4  5 15  7 43  2 52 13 63  8 97  9 88 12 78  3 75 17 11  0 22 18  1 10 22  6 74 19 39
19 99 13 89 11 67  3 56 14 95 18 27  0 29 15 40 17 12 16 29  9 38  6 26  1 92 12 63  8 91  5 74  2 45  4 10 10 76  7 84
 4 68 10 19 18 46  2  7  1 64 19  7  0 89  3 75  9 38 12 49  7 21 16 91 13 68  5 38 14 61 11 55  6 33 17 32 15 84  8 95
 2 34 19 75  5 48  4 48 12 75  8 17 13 54 10 13 16 66  9 95 15 17  7 39 11  1 14 15 18 25  0 39  3 91  6 41 17 70  1 40
19 78 15 37 18 18 13  5 12 92  1 11  0 32  4 88 17  9 16 95  5 87  9 85 11  8 10 85 14 85  8  8  3 48  6 87  7 12  2 63
 5 35  7 20  3 88 12 57 17 19  9 85  8 41 14 20 19 58  0 45  1 92 18 95 10 62 16 44  4 70  6 40  2 11 15 95 13 94 11 26
15 89  9 96 12 94 17 52  1 59 10 57  0  4  3 62 19 71 11 89 18 53  6 69  2 13  5 46 16 78  4 99  7  9  8 63 13 78 14 96
16 65  2 26  4 39  1 74  5 27  9 49 18 47 13 96  0 49 10  9  8  3 15 72  3 87 17 12 12 18 14 46  6 37 19 57 11 33  7 82
 1 34 16 11 10 22 12 30  4 63  2 33 17 66  3 14  0 61  9  1 18 98  5 86 14 95 19 14 13 72  7 76  8 67  6 26 15  5 11 89
13 91  0 17  8 93  1 31 15 15  7 77  4 74 16 43 18 91  5 81  6 80 11  3 14 72 12 87  2  8  9 41 17 81 10 49  3 71 19 17
14 25 19 33  9 42 16 99  5 69  3 49  7 60  1 22  4 85 13 11 11 90 17 77  2 57  8 42 18 48 15 16 12 16  0 34 10 23  6  8
19 66 17 99  8 46  3 41 16 13 14 89 11 98  4 53 15 56  1 34 12 77  9 21  2 94 13 18  0  6  7 23 10 53  6 68  5 22 18 58
 0 21  4 54  3 44 11 93 15 95 10 18 16 84 13  1  7 53 12 33 14 27 17 67  2 37  6 64  1 96 19 96  8 97  5 60 18 30  9 23
 1 64  2 26  7 90 12 13 14 35  8 14 19  8  9 25 18 87 11  6 13 79  0 89 17 36  4 84 15 47  3 37 16  9  6 19  5 48 10 47
 6 50 19 82 16 50 14 64 15 10  9 66  3 30 18 26  2 64 17 99  8 30  1 78 11 41  0 90 13 25  7 62  4 32  5 71 10 24 12 92
 4 72 13 19 14 64  9  1 18 32 15 65 12 96 10 63 19 55  3 14  5 28  8 87  7 93 11 90  2  5  1 89  0 10 16 25  6 55 17 32
 4 36 16 95 19  3  6 19 10 96  9 35 17 89  5 99 18 98 14 82  2 51  8 37  1 98 12  2 11 35 13 49 15 49  7 62  3 28  0 56
 9 32  4 96  3  4 16 96  1 29 12 49 18 94 14 24 13 46 19 98 15 41 11 54  8 34  0 87  5 56 10 32  6 78  7 93 17 75  2 40
 5  1 15 26  4 24 11 39  0 77  3 45 19 49 18 16 17 76  6 53 12 29 16 98 14 61  7 25  8 95 13  1  9 85  1 79  2 34 10 92
13 16 19  9 17 73  7  7 10  1 18 36  2 89  6 64  0 37  8 68  9  9 14 49  1 53  4 72  3 43 16 99 11 60 15 61  5 40 12  5
 3 55  5 76 16  7  0 95  7 24  2  5 12 19  8 11 15  8 11 76 17  9  1  1  9 91 18 68 13 78 19 82  6 67 10 67 14 70  4 22
 0 97 12 24  9 56 14 75 13 53  5 19  3 29  2 63 10 28 16 98  4 49 19 65 17 70  1 69 18 25  7 60  6 89 15 14 11 74  8 18
17 38 16 22 19 12  6 65  3 28  4 81 13 78  2 36 18 85 14  8 12 55  0 99  8 63  7 95  1 92 10 58 11 98 15 99  9 81  5  9
 0 50  7 62  8 72 13 25 11 65 14 44 17 44 15 31 16 21  5 32 18 47 19 41 10 14 12 18  1  9  3 95  4  7  6  7  2 35  9 63
13 32 12 95 17 30  0 65 14 81  3 50  2 71  8 93  1 97 16 83  9 21 11 18 19 76  7 96 18 82  5 55  6 76 10 52 15 27  4 89
 0 63 12 93  8 77 17 46 15 51 10 56  6 50  1 96  9 13  7  7 18 24 11 54 16 39 13  4  2 89  3  2 19 50 14 27  4 47  5 78
 4 75  0 51 12 37 10 67  9 91 15 76 13 72 18 70 19 81  7 73  5 91 14 65  8 60 16 28  2 15 17 40  1 26 11 48  6 72  3 49
18 74  4 11 16 55  9 59 19 42  2 72  0 90 15 34 11 92  1 12  6 24 13 16 14 83  5 28 10  3  3 60 17 48  8 27  7 33 12 10
13 99  7 27  9 97  6 39  3 66  0 67  1 98 12 43 19 20  8 54  4 37  2 40 10 99 16 49 18 56 14 57 11 35  5 33 15 29 17 21
 2 70 17 17  1 83 15 85  0 39  7 83 14 81  4 30 11 42  8 42  6 46 10 83 12 75 13 40 19 65  5 25 16 11  3 90  9 47 18 31
15 92 19 39 16 30  2  8  1  7 18 66 13 91  3 17 10 38 14 90  9 72 17 66 11 40  8  2  7 75 12 26  5 23  0 78  4 86  6 61
 4 87  2 73  1 11  9 52 11 94 17 76  7 74 16 22 13 97 18 34  5 26 14 95 15 71  0 44  8 82  6 69 12 55  3 42 10 32 19 47
10 15  1  5 17 66  5 57 18 71  6 77  8 44  3 78 19 28 15 45  9 76 13  1  0 26  4 66  7 10 14 25 11 96  2 30 16 74 12 86
13 74 18 97 19 19 15 88  3 41 12 36  7 32  5 89  4  5  1 47 17 61 10 73  8 64 16 22 11 13  9 29  2 40  0 43  6 66 14 70
 7  2  8 37 18 93  5 91  1 86  9 66 10 90 12 33  4 45  2 41 13 39  3 18 19 92 15 85 16 50 14  9 17  9  0 74  6 68 11 77
13 13  7 50  1 45  0 50 12 68  3 84 15  9 16 14 19 24 10  6 14 41  6 79 11 52 17 76 18 94  2 38  8 72  9 96  4 68  5 24
 8 19 10 68 19 45 17 84  5 47  9 96 12 15  6 54  0  7  4 73  2 40 18 13 11 92  3 36 13 81  7 69 16  2 15 44 14 25  1 49
 6 85  3 83  0  1 12 41 15 20  5 96 14  2 10 55  1 64 19 86 16 90 18 73 17 83  2 89  8 38 13 32  9 87  7  2 11  3  4 83
 9 60 13 29  3 13 14 82  8 79 11 16  0 80 18 75 15 15 12 40  2 60  6 97  7 25  1 16  5 56  4 50 16 57 17  1 19 96 10 17
16 31 14 23  8 70  9 57 18 35 17 11 12 18  6 16  3 79 19 37  1 23  4 47 15 58  0 15  7 73  5 46 10 37 13 94  2 94 11 50
17 61  4 99  7 51 11  4 14 98 19 89 13 34 16 77  0 16 12 73  8 34  3 39  2 40 18 67 10 40 15 72  9 59  6 57  1 81  5 43
11 34 14  4 19 32  9 55 13 48  4 29  3 91  2 22  5 41 17  7 12 37  8 12  0 98  7 82 16 53  1 35 18 60 15 97 10 12  6 93
 1 74  8 26  5 84  2 56 17 34 10 70 19 24  7  3 18 16 16 57  4 22 12 68 11 67  6 75  0 11  3 31 14 13 15 92 13 90  9 41
 4 59  8 74  3 98 13 35 19 69  2 18  9 63 12 31  0 86 17 13  5  3 10 70 15 53  7 83 16 17  6 19  1 64 11 15 18 50 14 32
14 97 13 30  3 50 12 70  7 67  1  9 19 12 18 78  0 92  4  6  5 45 16 24  9 50 10 11  8 87 17  3  6 55  2 64 11  8 15 49
 7 92 12 91  9 91  6 91  0 10 19 82 16 47 10 50  2 57  4 84  5 62  1 66 17 76 11 23  3 77 15 22 18 19 14 89  8 85 13 31
15 25 12 47  9 48 14 55  5  5 17 73 10 44 16 62 13  2  2 51  7 46  1 65  3 88  8 78  0 50 11 92  4  9 19 61  6 19 18 20
12 73  3 65 15  3 18 62  2 35 19 80 10 20 11  6 14 11  9 54  8 75 16 75 13 42  4 64 17 77  5 86  1 89  7 56  6 43  0 23
 5 89 13 45  6 41  8 32 12 42 10 14  0 89  1 47  7 99  4 84 11 48  2 46 16  8 14 40 15 37 19 61  3 97 17 38 18 45  9 41
11 93  5 23 12 56 13 55 17 63  8 56  9 29 14 12  7 28  0 64  4 76  3 53  2 90 15 91  6 47 10 83 19 10 18 28 16 27  1 16
 1 41  0 73  6 67  7 70  9  9  5 70 15 34 18 73 14 78  4 50  8 63 19 85 12 21  2 90 17  2 11 53 16 64  3 79 10 19 13 75
 8 29  7  3  0 54 12 35 10 87 13 62  1 63 11 90 17 93  6 72  4 69 14 12 16 48 19 39  3 36  9 20 18 20  2 74  5  5 15  9
13 71 16 91 18  7 19 39  2 42  5 15 10 49 14 24  3 63  6 69 11 36  4 17  9 69  1 72  8 65 17 69  0 39 12 12  7 94 15 28
 5 91 17 75 19 96  2 92 16 16  0 25  4 85  6 22 13 81  9 45  1  4 11 46 10 77  7 62  3 38  8 25 12 52 15  7 18 57 14 87
19 57  3 66 11 65  5  4 15 50 12 93  1 16  0 61  6  7 10 78 14  2  2 94 13 28  4 21 18 36  8 92 16 53  9 10  7 78 17 54
 8 52 11 76 10  1  3  3 15 23  0  5 17 40 12 77  7 23 18 72 19 24  6 54 16 19 14 80 13 81  2 86  4 97  9 42  5 24  1 55
 6 38 15 74 19  9 16 88  7 13  3  4 17 74  0 69  4 95  2 12  8 12 12 18 18 79 13 35  9  5 10 79 14 37 11 27  5 26  1 40
 6 98 19 37  2 30  8 45  0 41 14 65 18 42  4 15  5 20  9 14 16 85 12 80 13 47 10 26 11 86  3  7  7 94 15 64 17 68  1 36
18 74 14 18  7  8  0 99  6 31  2 46  4 31 10 76 17 95  1 11 13 44 19 96 15 58  8 56  5 52 16 41 11 58 12 93  9 17  3 11
 1  4 11 22 10 29 16  8 18 76  4 31 12 25 19 78  5 71  7 61  3 81  6 41  8 84  0 47 13 38  2 17 15  7  9 77 17 43 14 78
 5 22 17 68 12 33 16 20  8 85  1 38  4 75  9 15  2 70 18 39  3 20 14 92  7 91  0 11  6 50 19 23 15 22 10 82 11 21 13 91
 6  5  9 41 19 85 15 60  0 51 18 79 14 91  3 74 13 51 11 60 10 56 12 87  2 83  4 56 17 37  5 95 16 69  8 81  1 14  7 52
19 99  3 16 10 24  7  7 15 69  6 60 13 91 12 79 18 72  8 65 14 13  4 32 17 96  5 53  9 46  1 66 11 89  2 89 16 94  0 22
14 89  7 77 10 29  2 41 13 29 11 25  5 56 16 16  9 74 15 75  1 57 17 22 18 39  8 29  0 89  3 31  4 56  6 22 19  8 12 97
 2 58 10  2  7 74 18 69 16 61 15 20  5 29 19 53 14 94  3 52 11 41  9 78  0 86  6 11  4 31  8 33  1 58 12 36 13 38 17 12
11 28 10 69  8 50  2 92 18 61 12  8  5  3  4 75  3  8 19 15  6 19 17 44 15 78  1 66  0  8 14 95  9 76 13 79 16 14  7 15
18 65  4 24  3 89  0 70  1 74  5 45 19 44 17 64 12 57 13 53  2 13  9 38  6 86  8 97 16 19 11 51 15 45  7 68 14  2 10  3
15 13 12 73  3 31 14 47  7 69 16 85 11 26  1 31  0 14 13 94  5 83  8 60  9 14  6 74 18 60  2 82  4  3 17  5 19 19 10 64
 9 29 11 45 17 31 16 43  0  4  1 42 12 72  4 46  3 54 15 95 18 49 19  6 14  4  7 89  8  4  6 95 13 59  2 79 10 86  5 47
 6 32  9 40  2  5  5 11 12 82 16 80 14  1 19 22 18 53  7 39 15 28  4 48  8 52 17 43  3  7  1 29  0 68 10 22 11 35 13 55
17 79  4 55 16 51 19 98  0 50 11 59 10 27  5 45  8 21 13 92  3 33 18 96 12 38  1 95  2 27  6 94 14 84  9 48 15 82  7 18
 1  3 13 26 18  5  6 48 10 19  5 38  7 94 19 47 15 77  8 35 14 17 16 82  3 68  0 33  9 17  2 50 11 35 17 93 12 52  4 83
 4 82  1 46 18 93 12 73 15 45 16 95  3 74 10 61 11 44  2 88 14 77  9 10 19 27  7 26 13 17  0 59  8 95 17 35  6 95  5 73
 7 81  1 57  6 98 17 89 18 73  4 12 19 75  5 98 16  1 14 20 10  2 12 20 15 19 13 38  3 52  2 35 11 61  8 31  9 50  0 34
 6 49 11 95 16 47  0 84 17 53 10 69 14 40  7 83  3  6  9 28 18  4 12 78 15 40  8 35  2 70 19 52  1 79  4 28 13 94  5 47
18 41 19 12  8 54 14 31 17 88  1 91 10 13  5 56 15 74 16 38  0  8  2 94 12 25  6 15  4  6 11 72  9 15  3 72 13 35  7 43
14 77  1 37  5 25 10 48  9 72  0 17 17 67  7 42  2 76 11  4 16 29 15 68 18 70  4 23  8 94  6 64  3 88 13 66 12 35 19 53
 8 18 19 64  6 29  3 68  7 95 17 42  0 36 16 78  9  4  1 91  2 67 14 54 13 12 11 29  4 45 18 99 10 25 12  7 15 62  5  2
 1 36 16 38  9 49  6 78 14  2 15 73  2 52 13 36  5 76 11 61  4 65  8 31  0 69 12 30  7 89 18  2 19 92  3 53 17 19 10 82
 6 56 17 90 11 15 16 83  0 38  5  2 14 15  8 96  7  3  9 83 10 36 13 43  3 51 18 80 12 10  4 36  1  3 19 63  2 79 15 14
 9 81  6 92 11 90 15 99 14 12  1 77 13  6  2 79  0 40 17 97 12 54  7 17 16 41  8 88  3 75  4 49  5 51 19 17 18 23 10 69
 8 39  4 82  9 87 17 20  0 32 18 47  6 78 16 30 12 73 15 88 10 57 14 55  5 39  3 28  1 90  2 55 19 35 13 33  7 41 11 40
17 81 12 14 18 71  9 88  2 22  1 53 19 20  7 35 15 86 16 93  5 52 14 69 11 35  6 51  8 66  4 70 10 11  0 12  3 69 13 67
16 65  9 39  1  7  7  4  8  9 11 91 17 79  5 88 13 59 10 15  2 34 12 84  0 18 18 90  4 12 15 47 14 94 19 77  6 37  3  1
17 61  4 54 13 46 10 95 19 13  7 36 12 35 18  3  1 89 11 19  6 15 15 28 14 74  9 41  8 26  0  3  2 21  3 12 16 37  5 40
10 46 12 12 19 86  4 23  2 16  3 21  9  4 11 45 14 60  7  2 17 66  0 59 13 89 18 83  1 20 15 48  5 22  8 96 16 71  6 62
16 64  2 70  4 20 19 68  1 19 15 11 10  8  5 60 18 41 17 27 11 48 14  8  7  5 13 48 12 35  6 56  0 44  3  8  9 18  8 59
13  6  1 37 12 61  6 81  7 79  9 25 15 20 16 47 19 17  5 65 11 69  8 12  0 83  4 49 17 88 14  2 18 54  3 73  2 28 10 50
 3 81 15 56 13 75  5 11 14 92 16 53  6  6 19 22  0 76 12 94  8 47  1  9  4 97 18 65 17 19  9  3 11 54  7 59  2 16 10 38
 6 39 12 66  8 90 13 87  0 13  5 37 19 43 10 20  9 25  2  3 16 92 17 61 14 31  1 85  7 25 15 20  3 50 11 27  4 22 18 92
15 22  7 11  3 60 11 54 19 64 10 30  5 59 14 25 17 25 12 71  2 55 16 29  4  5 13  8  6 58  0  9  1 49  8 77  9 59 18 83
 1 92 13 59 17 92  6 65  9 90  8 62  4 70  2 85 10 29 15 67 11  5 12 80  5 35 18 36  3 26  0  4 19 78 16 76  7 83 14 80
12 48  7 30  8 17  0 82  9 24 17 97  4 26 14 56  5 72 19 33 16 41 18 86  6 36 15 22  2 91 13 85 11 75  3 76  1 15 10 44
 1 64  9  5  7 64 11 11 13 37 19  3  2 18 16 81  5 16 15 78 18 24 14 29  4 47  6 72  0 68 12 11 17 68  3 65 10 88  8 70
15 39  9 27  1 56 10  2  0 46 13 51 16  1  5 33  4 27 12 59 14 21 11 54  7 80  8 47 17 15 18 40  6  8  3 66 19 52  2 31
16 16  3 37  0  4 17 20 14 55 13 76  2 60  4 97 19 75 15 66  6 79  8 53  9 21 11 95 18 71  7 22 10 75  1 76 12 12  5 49
 1 76 14 91 19 74  5 22  9  9  4 64  0 10  6  6 18 37 12 54  3 71  7 69 17 23 13 22 16 87 11 46  8 96  2 44 15 78 10 72
 1 32 19 62  6 13 12 41  9 39 18 93  3 88  4 64  7 93 15 78 11 39 10 56 14 99 17  9  5 40  2 72  0 19 13 40 16 46  8 26
18 13  5 52 16 39 13 66  9  4  2 70  4  4 10 63  7 59 15 44 17 60  3 79  6 79 19 48 12 36  1  8  0 61 11 63 14 31  8 16
14 15 16 58  1  4  6 98  7 24 12 78  4 47  2 55 10 26  3  1 19  9 15 65 13 72 18 17  5  3 17 67 11 55  9 19  8 86  0 32
19 57  6 17 17  1 16 61  5 38  9 89 14 35 13 96  0 36  3 12 12 89 18 55 15  3 10 28  1  9  7 39 11 60  2 97  4 29  8 39
 1 33 13 99  7 52 16 10 10 58  3 87  0 66  9 73  2 75 17 28  6 91 19 83 18 21  4 66 12 70  5 82 11 81 14 54 15 82  8 32
17 31 18  2  5 89  4 70 19 86  8 26 16  3  1  1  2 14 11 37 12 13  6 22  0  6 13 97 10 97 14 24  7  2 15 74  3 29  9 15
18 63 16 58  5 75 19 25  3 76  2 60 13 17  0 10  7 52 12 60  4 10  6 93 10  3  1 27  9  4 17 72 15 33 14 52  8 68 11 53
 7 14  3  3 18 76 14 38  5 62 11 78 16 37 12 95 15 39 17 23  0  8  4 62 19 13  6 68 13 68  9 36  1  6  8 41 10 88  2 29
19 84 15 67  9 49  0 12 16 55 11 78  6 58  7 69 13 87  2 15 18 28  8 91  1 88 17  8 10 94  3 87 12 29  5 88 14 77  4 53
 8 92 17 23 14 83 11 30 15 48 18 20  3 94  1 55 12 24  0  9 19 70 16 25  5 40  2 70  7 92  4 23  6 28  9 65 13 60 10 99
12 37 16 42  5 72  6 47 18 56  7 54 10 32 17 38  3 60 19 94 15 36  8 76  0 51  2 15 14 43  9 29 11  1  4 48  1 50 13  6
14 84  7 78 12 46  8 64 17 72  5 81  3 54  1 92  4 78 16 67 18 98  6 77 15 89  9 34 19 25 11 21  2 77 13 21 10 72  0  2
17 92  3 55  0 31  8 18  1 84 19 60 14 98  2 86 12 53  4 26 18 98 15 45  5 81 10 16 13  4  7 63  9 35 11 64 16 45  6 28
 5  1 15 30  3 91 12 39 19 53  2 70 10 65  1 78 16 63 11 92  4 43  0 93  7 35 14 48  6 91  8 35 13 39 18 18  9 53 17 32
17 59 12 68  0 69 18  6  8 43 14 90  7 35 19 52  1 27 13 60  4 30  9 25  6 99  3 83 16 46 11 31 15 97  2 15 10 51  5 16
 1 54  5 22  7 83 13 94 15 59 12 40 10  7  4 46  9 73 16 38 11 85 18  7  3 40 19 73 17 20  6 61  2  6 14 40  0 85  8 35
19 49  6 51 16 19  4 57 15  6 13 75 10  9 12 56  7 97 17 11 14 81  5 82  2 28  3 40 18 39 11 29  8 36  9 92  1 89  0 96
17  8  7 76  8 26  0 41  9 21 11 34  5  7  3 35 16 49 10 41  2 98  1 20  4 96 19 51 12 64 18 16  6 21 14 89 15 71 13 21
 9 52  4  6 15  6 18 94 13 15 11 83 14  5 12 38  7  5  3 40  2 40 16 65  1 52 10 99  8 73 19 65 17 14  5 36  0 64  6 62
 1 53  9  1  8 41 14 41 19 87  5  2 17 20  3 56 13 48  7  7  6 13 18 19 10 98 11 33 16 30  0 92 15 98  2 22  4 71 12  9
 6 69  9 94 13 77  7 50 12 63 18 24  5 27  8 17 19 41 15 28 14 44 17 24 11 93  1 82  2  7 16 20  3 34 10 48  4 70  0 92
10 75 13 68  2 18 15  2 16 22 18 94 14  6  9 45  5  6 19 85 12 36  1 53  7 11  0 21  3 82  4 63 11 18  6 52  8 37 17 26
10 52  8 37  6 86 15 92 17 47  5 36 18 27  4 51  3 89 13  5 14 61  0 40  1  5 19 90 16 18 11 51  9 13  7 81 12 15  2 95
 6 17 10 13  2 94 17  3  0 56  8 44  1 53 19  6 14 83 16 64 12 86  5 57  3 63  4 88 11 60 13 13 18 12  7 49  9 32 15 54
16 27 13 93 11 44 10 36 17  4  8 79 19 88 12 33 18 90  5 75  2 35  7 43  4 39  3 69  0 11 14 91  1 35  9 84  6 87 15 78
14 28 10 64 13 52  7 46 17 34  6 92  1 83  8 97 18 96 16 15 11 26  3 55 15 77 19 33  2 49  5 20  4 74  0 93  9 12 12 37
17 73  9 80  6 35 11 73  4 28 19 33 18 87  7 37  0 90 12 39  2 95  5 38  1 19  8 60 14 18 10 81 13 15  3  2 15  1 16 43
 9 56  4 46  1 32  2 69 15 31 14 46 19 43 17 88 11 26  8 48  5 49  6 48  7 26 10 31  3 40 12 19 16 15 18 82 13 69  0 71
13 83 19 85  6 84 16 60 14 34  3 48  4 97  7 70 12 84  2 78 11 58  9 57 18 86  8 89  1  2  5 25 17 14  0 49 15  6 10 83
18  3  0 64 19 46 14 18 10 11 12 65 17 18 11  2  7 29  3 30  5 79  1  6 16 12 15  4 13 44  4 25  2 39  6 27  8 59  9 30
13  4 15 88  1 45 17 49 14 59  2 55  3 63  6 23  0 76  9 58  5 12  8 41 12 28 16 24 10 68 18 98  4 75 11 44 19 84  7 79
12 99 14 83 19  9  7 63 17 42 18 47  1 69  5 36 15  8 16  7  8 36  2 75 10 21  6 51  4 20  0 33 13 83 11 30  3 45  9 81
13 99 18 25  8 48  6 79  5 48 10 57 16 92 15 21 12 89 14 94  2 95  4 38  7 18  1 56  0 59  3 69 19 60 17  4 11 72  9 31
17 87  8 99 19 70  9 66 10  6  0 58 14 73  2 16  1 26 13  3 15 53 11 64  5 51  6 20  3 92 16 53  4 54 12 11  7 58 18 20
 4 99  6 20 13 43  0 50  7 14  1 19 17 83  3 70 11 49 19  9 14 67 10 95  9 42 15 28 18 39 16 51  8 70 12 49  2 80  5 28
15 46 11 82 10 87  8 19 14 64 12 57  6 33 13 85 16 90  0 61  9 40  7 94 18 57 17 21  2 35 19 31  5 51  3 64  1 90  4 98
 6 97  5 94 15 47  3 73  1 62  4 97  2 31  0 43 13 72 17 49 14 17 16  5  7 64 18 43 10 83 11 43  9 57  8 43 12 12 19 83
15 75  0 97  6 69 18 38  9 53 17  2  4 74  8 77 11 17  3 20  2  3 16 85  5 27 12 24 10 40 13 94 19 92  7 17  1 61 14 42
19 84 11 22 12 41  9 95  6 87 15 39  7 54  3 36  0 21  2 67 13  2  5 27 14 18  4 98 17 49 10 60 18 37 16 17  1  8  8 33
 1 88 12  9 16 55  7 54  3 89 14 45 19 66  5  2  9 42  8 94 18 24  0 40 11 43 15 45  2 45 17 72  6 44 13 61 10  9  4 92
10 64  0 98  2 43 16 23 14 45 18 24  5 80 13 60  7  6  9 77 17 29  8 96  1 87  3 28 19 25 11 83  4 95 15 40 12 35  6 82
 2 94  5 58 15 61  9 57  0 21 12 71 14 21 19 49  4 27 11 83 18 52 16 73 10 60 17 83 13 36  6 93  3 24  8 27  7 91  1 78
15 65 19 47  4 16 18  4  2 14  8 59  6 58 12 77  5 58  0 87 16 74 17 23 13 32 10 78  7  8  9 77 11 17 14  9  3 22  1 91
18 34 10 45  1 85 16 70 19 58  2 49  7 78 12 79 15 23  4 82  6 40  3 13 14 95  5 69  9 20  0 92 13 93  8 65 11 26 17 70