200 20
 8 96  4 14  0 43 17  8  7 83 19 56  3 32 15 40 12 89 14 88 13 48 11  9 10 63  5 58  2 59  6 88 16 51  9 36 18 65  1 10
15 95  2 75  4 25  3 56  6  8  8 38  9 60 16 95  0 21 11 31  1 99 14 58 19 71  5 45 18 30 12  9 17 53  7 57 13 72 10 55
 2 72  8 42 13 75  3 58  1 70 18 91  0 58 10 99 17 33 19 34  5 10 15 60  4 66  6 69 16  6  9 43  7 78 12 64 14 34 11 87
 0 32 15 54 11 82 18 87  4  5  5 77  1 19 17  6 16 96  6 11  3 63 12 66  2 52 13 97  8 86 10 41 19 11  7 90 14 34  9 28
11 62  3 48 19 22 13 47 18 32  5 18 14 40  0 92  7 27 17 40  6 72  1 49 16 57 12 67  4 17  9 13 10 24  2 28  8 26 15 92
 1 26 16 58 17 99  7 12  3 87  9 68  6 65 10 60 19 85 15 59 14 31 12 32 13 79 18 38  4 88  5 80  2 56  0 90 11 80  8 53
15 81  9 37  3 51 12 60  1 62 11 58  0 67 13 62 18 98 10  3 14 83  7 73  6 94  5 85  4 72 19 65  8 24 16 70  2 93 17 17
12 31 19  1  6 70  5 24  4 49 13 77  7 51 17 73  8 37  3 81 18 78 15 70  0 74  2 64 16 16 14 96  1 27 10 51  9 97 11 64
 5 57 11 16 12 75 17 47  1 33 15 46 14 91 19 65  6 76  0 15  3 75  8 53  4 54  2 42 13 12  7 11 10 70 18 72  9 31 16  8
11 41  9 66 12 84  2 51  6 13  0 29 17 50 19 72 10  8 13 44  4 24 15 82  1 14  3 55 14 84 18 29 16 93  8 54  5 90  7 59
11 64  2 48 14 78 19 83  5 55 16 70  8  9  9 27  7 47  1 55 12 97  0 25 18 66  4 82  6 98 10 41  3 92 17 96 15 58 13 65
18 23  1 38  5 86 15 43 10 49  2 14 12 90 17 89 11 57  0 39 16 78 14 65  4 74 13 73  9 21 19 93  8 24  3 25  7 63  6 58
 6 30 10 79 12 27 11 67 16 25  9 77  2  6  7 29 19  1  8 42  1 37 13 75  4 38 15  1  3 34  5 91 18 70 17 59 14 34  0 74
 3 17 17 52  4 70  2 54 16 36  8 64 14 68 12 63  0 74  9 23 15  5  7 76 13 75 18  9 11 17  6 19  1 55 19 85 10 13  5 31
 7 18  5 97 12 14  2 28  6  3 19 35  0 91 15 39  1 74  9 11 18 60  4 78 17 20 16 18 11 53 13 24  8 46 14 87  3 60 10 40
 8 74  9 46 15  8 12 77  0 23 18  4  4 31 14 52  5 28 10 49 19 44  7 76 13 51  3 11  6 60 17  2 11 66  1 41  2 98 16 45
19 43  6 32  1 76  3 39 10 32  5 97 15 64  8 80  9 34  7 22  0 40 16 63 17 12 18 14 11 32  4  6 14 82 12 29  2 17 13  8
11  9 10 34  6 61 14 48  0  9 13 57  3 83 12 47 19 69  2 95 18 99  5 25  7 62 16 99  9 72  4 12 15 16  8 23  1  9 17 35
12 60 15 49  1 57  4  5  5 77  8 96 14 56 13 96  3 50 17 84  6 70 16  3  7 26  2 64 10 11 19 94  0 26  9 81 11 53 18 19
13 98 19 49  0 86 11 13  7 56  6 45 12 54 14  9 16 47 15 68  8 39  2 10 10 44  4 94  1  4 18 45  9 31 17 88  3 68  5 96
 4 45  7 91  1 93 17 20  0 16  5  7 12 10  8 45 19 75  2 43 10 16  6 28  3 23 11 68 14 61 15 75 18 18 16 87  9 72 13  4
12 26 11 71  1 11 16 46  7 47  0 68  3 73  8 62 14 54  5 30 15 35 19 27  2 75 10 36 18 64 17 50 13 99  4 31  9 66  6 81
 6 82  2 48  9 34 18 86  3 79 19 71 16  3 12 25 13 57 17  9 15 20 11 87  8 54  1 58  5 53  7 69 10 19  0 26 14 74  4 23
 0 89 12 14 17 18 15 95  1 43 19 80  7 23 18 25 13 40  4 98  6 95 10 74 16 70 14 49 11 53  3 71  8 24  2 80  9 50  5 49
13 83 18 33 17 78 12 95  5 46  4 92 15  3  1 91  0 70 16 36  2 97  8 70 14 68  3 84 10 20  9 50  6 46 11 67 19 22  7 26
18 29  8 65  6 81  4 28 15 46  0 76  2 47 14 45 12 36  5 94 10 72  7 78 17 18 13 57  3 95 16 82 19 95  9 26  1  9 11 21
12 19  0 85  8 84 14 73  6 25  9 97 15 95  3 41  1 33  7  7 16 38  2 70 18  2  4 73 10 91 19 77 17 31  5 61 13 91 11 99
11 77 19 90  4 70 10 19  5 64  8 89  6 97 12  6  2 26 18  6  0 54  7 74 15 69 16 54 17 96 14 72  1 10  3 97 13 37  9 21
10 49 19 41  0 36 17 88 18 33 12 28 16 77 13 44  4 66  5 20  6 50  3 33 14 98  2  3  1 81  7 75  8 92 11 13  9  1 15 48
15 79  5 32  6 76 17 49  7  5 11  6 19 77 13 92  0 48  9 17  2 59 14 40 16 79  3 16 10 36  1 59  8 41  4 59 12 86 18 25
 0 25 14 42  7 57  9 49  2 50 16 20  6 35 11 84  1 49 19 20 15 65 10  3  8 29 13 28 12 97  4 11 17 90  5 47 18 56  3 15
15 76  3 37  9  4  1 41  6  5 10 77 12 55 14 24  4 45 16 64 13 27 19 16  2 63  7 49 18 81  5 51  0  7 11 84  8 51 17  6
10 22  9  6  5 97 12 75 11 62 15  7  0 38 13 86 19 49 18 18  6 82  7 68 17 22  2 18  1 21 14 46  8 41  3 78 16 76  4 82
10 28 13 34  1 83 12 61 14 52  9 73  4  4  8 79  6 53  2 77 11 50 18 18  7 90  3 41 19 75 15 51 17 43  5 91  0 77 16 13
 8 60 19 64  4 95  7 93  6 20  9 34  2 79  0 14  5 56  1 31 18 24 10 94 16 83  3 96 13 44 14 18 17 23 11 62 12  2 15 94
 6 53  2 49 14 72 19 60 12 80  7 53  1 92 10 44 16 15  8 42 13 78 18 88 11 58  9 34  4  1  3 99 17 71  5 46 15  4  0 69
11 50  6  5  2 59 15 26  9 35 18 40 14 48 13 71 17 17  0 89  8 97  7 69 16 85 10  1  4 45  3 12  1  6  5 60 12 91 19 80
11 76  6 47  4 33 13 80 12 49 15 92 18 18 19 30  9 34  3 66 16  8  0 10 10 44  8 18  7 95 14 19  1 76  5 20  2 56 17 31
14 80 11 92 19 41 16 86  1 90  3 50  5 22  7 85  6 92  0  4  9 74 15 55 17 11 12 99  4 35 10 97 13  6 18 71  2 79  8 75
13 36  3 12 17 81 19 48 11 69  0 33 10 10  9 61  6 58  2 71 14  8 16 24 15 69 18 63  1 58  7 80 12 31  8  9  5 45  4 62
 8 13 15 50 14 56 11  8 10 33  3 96  0 94 17 43 16 46 13 57 19 57 12 46 18 63  4 19  9 88  7 33  5 99  1 57  2 51  6 92
19 92  1 99  4 68  2 20  0 22 11 94  7 15 16 11  3 20 10 30 12 13  6 11 17 83  5 28 18 10 14 37  9 52 13 98  8 25 15 85
 3 33 14 85 13 61  0  1 12 19  7 58 10 34  5 87  8 61  1 15  2 27  6 15 11 62  9 19 19 99 16  9 15 10  4 13 17 92 18 64
11 32 17 58  2 38  9 92  5 85  0 87  3 69  6 91 19 53 18 71 13 94 16 49  8 98  7 32 10 22 12 19  1 95 15 95  4 44 14 11
12 24  0 70  4 85 14 52 19 17 10 84  7 68  2 16 17 18  6  1 16 60  3 98 18 86  5 31  9 71  1 88 11  5  8 64 15 36 13 89
 8 76 16 23  2 23  1 61  9 36 13 97  7 93  5 27  3 80 14 52 19 59  0 92 18  5 10  4 15 34  6  5 12  9 17 68  4 48 11 59
15 23  7 57  1 79 18 99 14 32 16 30 17 43 19 57 11 44  4 32  6 79  3 77 12 17  8 72  9 99 13 69  2 87 10 37  5 65  0 27
 4 70  9 85  7 89 10 43 15 51  2 78 19 13  1 48 12 94 11 98 13 86 17 12  8 59 18  4  5 42  3 23 16 63  0 92 14 94  6 69
 2  2 14 72 17 13 19 15  5 26 16  6  0  8  6 22  7 26 18 58  9 69  4  3  1 74  8 28 15 89 13 19 12 22  3 35 10 91 11  4
 2 70 19 36  9 62  0 97  7 33 14 98  1 37 13 84  4 47  3 49 16 64 15 28 18 23  6 54  8 79 17 70 11 26 10 12  5 17 12  7
17 81 18  6 15 60  2 34  1 27 16 87 11 52 13 42 19 22 14 79  5 20 12 65  9 80 10 14  0 55  6 16  3 43  8 29  7 64  4 44
 0 70  7 31 17 88 18 86 13 35  1 62 15 29  2 10 10 87 19 89 16  9  8  3  3  1 12 71  5 60  6 66  4 15 14 74 11 14  9  9
 0 62 10 62 11 67  9  2  7 48  4 72 15 39 17 11  5 34  6 50  2 81 14 18  3 82 16 13  1 72  8 10 13 55 18 61 19 50 12 83
16 86 18 11 12 78 10  8  2 15 17 77 15 43  1 38 14  3  9 54  3 78  5 28 19  9  6 67 13 13  4 92  0 45  7 60 11 22  8 97
15 52 18 86  5 78 12 76  9 40  3  7 10 91  7 25  1 45 13 84  6 29 16 73  0 22  2 46 17 19  4 75 14 64  8 63 19 59 11 61
11  8 17 39  5 98  0 22  2 81 19 17 14 65 16 64  7 69  6 31  1 61  4 24  3 80  8 57 18 89 12 71 15 10 10 19  9 38 13 54
19 26  2 14  4 86  9 60  1 65  6 84  8 34  7 73 13 13 18 27 17 38 15 53 16 33 11 48 10 29 14 41  3 80 12 73  5 65  0 60
11 55  1 43  7 17  6 27 19 75 10 92 13 84  9 53 12 56  4 31 18 87  5 93 14 77 16 60 17 76  0 83  8  6 15 47  3 99  2 35
18 95 11 68 17 38 12 23  6 93  3 10  9 85 16 86  1 34  2 45 10 14  5 87  7 99 19 96 15 47  0 57  8 43 14 80 13 41  4 48
 1 56  7 24 13 35 17 42 10 92 16 69  2  1  4 99 14 31 11 51  5 34 18 42 15 39 12 45  0 26 19 42  8 74  9  9  3  6  6 71
15 14  4  3 12 51 14 90  2 43 16  2 18 73 19 23 10 49  8 63 11 26  6 50  9 79  7 14  5 70  3 23 17 43  0 73 13 74  1  9
 8 64 19 40  4 31 17 28 13 89  6 82 18 36  0 80 10 56  1 41 15 58  2 40 14 72  3 83 12 54  7 14 16 99  9 44  5 93 11 53
 1 37  6 84  9 89 18 35  5 37 12 82  2 56 11 35 14 45 17 14 15 17  7 14  8 81 16 13  3 88 19 24  4 62 10 25  0 72 13 22
12  2 19 73 11 10  4 24 15 23  8 47 14 74  3 34  2  7  5 73  1 22  7 73 18 24  6 64  0 30  9 88 17 41 10 13 13 50 16 40
 4 20 16 88 13  2 19 38  3 79  7  5 10  9 15 48  1 59 17 39  2 29  9 36 14 88  6 31  0 13 11 29  8 27  5 39 18 59 12 89
 2 86 13 29  5 29 19  3  4 30 14 39 18 94  8 92  7  7 12 89 11 28 16 77  1 12  0 74 15 48 10 75 17 87  6  1  9 76  3 79
12  4  4 88 16 48 14 23 13 31 17 94 15 37  3 96  2 68 10 65  5 32 18 34 11 51  7 63  6 58  8 76  9 99 19 82  0 31  1 23
10 31  6 53 17 33 16 89  2 42  9 98 15 61  4 82  5 79  0 78  8 18  7 24 12  6 19 75 18 69 11 41  3 53 13 95  1  8 14 95
 9 12 11 12 16 70 19 37  8 79 12 57  6 15  7 57 15 17 18 24 10 63  4 35 13 45 14 72  0 41  5 11  1 83  3 49 17 20  2 62
19  6 15 18 12 82 13 63 17 17  8 37 10 34  1 36  9 69  5  1 11 81  0 76  7 85 14 14  6 97  3 56  4 79 16 24 18 37  2 72
15 20  2 16 16 15  9 36  8 65  1 25 12  5 17 77 13 51  5 55  7 20 10 10 14 44  4 84  3 71  0 13 19 77  6 48 18 92 11 10
 9 59  7 92  6 93 11 44  1 88 17 66  8 50  2 54 18 61  3 39  5 91 13 89 14 80 16 44 12 17 10 44 15 72 19 69  0  3  4 74
13 15  6 23  8 53 10  8 12 88 14 93 17 63  5 72  4  4  9 11 15  1  7  7  0 29  1 67  3 55 19 69 16 10  2 28 18 97 11 67
11 79  2 98  5 85 10 38  7 38  3 96 13 87  8 20 14 23 17 50  1  2 12 45 15 38 18 30  6 66  0 21  4 65 19 57 16 99  9 96
 0 50 18 98  2 96  8 94 10 95 13 27 19 65 16 74  3 13 11 38  1 73  4  5  5 79 17 37  6 33  9 20  7 16 15 58 12 26 14 77
 1 53  7 43  3 17  6 20 11 72 14 18  9 50  5 39 17 64 18 69 19 76 15 19  2  4  4 16  8 92 12 78 10 73 13  8  0 80 16  1
15 64 16 69  2 98  0 51 17 86  6 26  1  7  8  9  3  2  5 62 13 32 11 19 14  5 19 69 10  1 18 72 12 27  9 97  7 83  4 27
15 32 13 63  1 47  9 86  7 87  6  2  3 53 18 15 16  7  8 76 17 65  4 31  5 55  0 54 12 20 10 31 14 20  2 78 11  5 19 44
 4 49  5 98  8 29 15 60 19 53  6 26 18 50 16 50  1 74 17 17  2 31  7 95 10 38 14 16  0 94 13 82 12 71 11 50  3 19  9  9
14  3 10 63 12 23  1 95 17  5 16 21  0 60 13 66 11  2  2 59 18 22  4 52  7 57  5 17  8 20  9 65 19 70 15  3  6 42  3 40
19 15 14 64  8 79  5 87 17 96 13 66  3 29 11  7 18 60 16 26 10 89  9 45 12 38  0 81  6 94 15 34  1 36  2 95  4 14  7 36
18 68  0 86  5 95 17 85 19  3 16 57 11 70  1 59 12 39  9 25  6 93 14  9  3 32  7 36 15 56  4 96 13 61  8  5  2 33 10 34
10 97  2 72  3 62  9 41 11 96  1 95  0  9  6 97  5 16  4 93 13 85  7 50 19 12  8 52 14 92 15 40 12  2 18 56 16 15 17 48
11 78 14 97 16 44  1 46 18  4 12 92 10  9  8 79  6 33 15 70  9 15  5 78  3 72 17 63  0 90 13 76  7 25 19 89  2 41  4 94
17 49 12 57  0  2  9 67  1 88 15 94 13 79  2 21 19 77  6 12  8 87 18 14 10 64  3 11  7 41  4 29 11 30  5 61 14 16 16 97
15 36  5 68  2 27  0 72 19 96 10 40  3 83  7 70  8 62  1 24 17 78  6 34  4 31 13  5 11 58 14 30 16 52 12 72  9  8 18 14
 2 62  5 81  0 86  6  7  7 42  3 40 11 85 15 54 14 50 17 79 12 18  8  6 10 57 16 68  9 55 19 27 13 71  1 33 18  1  4 39
16 28  2 81  8  6  7 39 10 41  9 76 14 48  6 15  1 72  0 99 19 23  5 80 12 86  3 21 17 26 13  9 18 82 11 83  4 57 15 57
19 68  3 14 14 40  5 98  6 15  8 44 16 35 12 70  9 31  1 38  2 27  0 55 11 29 13 83  7 61 17 95 15 73 10 97  4 59 18 20
 9 34  3 48  5 16  8  5 13 74 18  3 14 81  7 96  6 34 12 36  1 79  2 13 16 69 15 75 17 72 19  5 10 54  4 30  0 62 11 51
 9 57 17 22  5  8 15  3  3 94 18 59 10  2 16 21  7 35 19 68 14 60  1 56  6 43 11 56 12 43  2 31  0 19  4 40  8 82 13 38
11 74 15 69 14 58  7 65  6 27  3 93  5 93  0 17  4 98 19 19 16  3 12 77  1  2 10  1  8 37  2 31 13 53 18 74  9 61 17 42
15 56  5 49  2 97 11 17  3 47  7 81 18 53  4 60  9 22 13 41  8 53 17 86 19 98  6 80  0 25 12 86 14 82 10 20  1 61 16 60
18  9  2 42  5 13 13 84  3 98 17 28  7 27 14 77  4 26 12 52 15 43  1 31  8 31 16 62 19 92  0 94 10 38  6 94 11 47  9 91
 7 56  5 15  2 40  3 95  0 23 16 41 17 36 13 67 15 71 11 79 10 48 18 29 14 91  4 23  6 84  9 16 12  4  8 27  1 26 19 87
 1 86  4 52  5 28 16 79 18 66 15 38 13 51 19 63  9 64 12 41  2 75 14 76  6  3  8 65 10 98  7 51 17 22  3 51  0 70 11 40
11 35 10 68 16 69  0 76 19 64  7  4  8 36 17 82  2 57 12 47  9 41  6 90  3 80 18 83  4 78 15 18  1 73 14 96  5  6 13 98
19 90  0 16  9 31  2  6 15 65 14 30  7 72 16 28  1 21 18 16  5 48 13 30 10  7 11 63  3 12 17 93 12 66  6 27  8 83  4 19
 7 99  6 68  1 39 10 21 12 88  3 22 16 61 15 24 11 24 17 14 19 90  8 18  9 16  2 92  5 91 18 58 14 48  0 37 13  5  4 99
18  8 15 54 16 34  7 31  0 81  9 92 19 54  6 63 17 30  8 11  5 46 12 37  2  8 11 77 10 93  4  8 13  6  1 45  3 28 14 49
10 11 15 14 11 30  4 75  5 27  7  9 19  4 13  7  8 24  3 15  2 43  1 58 14 51  0 66 17 12 12 96 16  4  9 94  6 98 18 58
11 79  7 65 13 96  4 31 18 26  8 60  2  9 15 77 17 13  5 21  1 36  9 34 12 61  3 37 16 43 19 74  0 43 10  4  6  8 14 33
14 92  4 53 15 79 11 39 13 86 16 62  3 58  2 67  8 96 12 18  9 28 18 49 17 61 19 58 10 91  1 65  7 17  5  8  0 25  6 67
 0 98  9  5 11 48 15 45  6 92 12 70  3 58  7 48  4 58  1 51 10 69 14 36  8 62  2 92 17 26 19 71 13 25  5 81 16 59 18 35
10 89  4 63 18 73  1 43  8 93 12 58  6 74  0 27 16 96  5 84  3 76 13 71  2 58 15 68  9 42 11 24 17 47  7 54 14 55 19 56
14 92 12 95  2 98 11 98  8 94  9 78 17 83  6 67 18 60  5 32 10 69  3 24  4 99 16 64  1 40  0 22 13 11  7 59 15  6 19 49
 7 35  8 31 13 94 11 32  1 23 16 63  5 95 10 73 12 41  2 29 15 20 17 61  4 13 18 54  3 20  9 81  6 46  0 27 19 17 14 12
 3 97  5 83  7 94  1 97 19 20  9 39  0 54 11 68  6 48 18  2  8 88 10 11 15 56 14 68  4 95 17 74  2  5 16 75 12 67 13 23
 0 86 16 82 12 54  3 74  8 19 11 69  4 47 17 39 13 66 18 56  2  7  1 59  7  5  6 96 10 83 15  1  9  9  5 25 14 45 19 21
 6 91  7 22  3 65 15 91 14 28  4 74 16 11  1  2 13 76 11 43 12 70 10 35 17 39  9 64  5  9  8  7 19 58  2 90 18 28  0 53
13 63 14 91 18 42  4 17 10 97 15 97  8 94  5 84  6 59 19 60  0 87 17 94 12 64  7 40 16 47 11  7  3 46  9 15  2 49  1 41
 1 11  7 96 13 58 17  5  2 41 19 20 15 79  5 50 18 33 16 90  8 90 10 81 12 94 11 76  6 24 14 62  3 56  4 54  0 63  9 93
14 26 16 84 17 75 18  1  6 73  8 94  2 29 13 10  5 97  0 58 19 52  4 48 10 37 15 11  1 83 12 73  7 71  9 99 11 77  3 31
 6 21  5 43 17  6  3 38 19 37 12 19  7 18 15 23  9 24  4 32 18 84  2 74  0 78  1 51  8 91 11 54 10 58 13 70 14 53 16 50
 4  1  9 20 16 31 18 90  6 54 12 77 11 31 14 60 15 23 19 78  8  2  3 10  2 34  0 48 10 79 13  5 17 11  1 84  5 38  7 93
19 80 11 37  1 29  5 25 16 98 15  6  6 12 13 16  2 84 17 10  8 83 12  6 14 19  0 20  9 26  7 76  4 70 18 67 10 23  3 87
 2 95  5 50 11 60  8 40  0 56 12 79  4 55  1 70 19 84 18 67 17 62 16 41  9 95  6 54 14 20 10 13  7 56 13 95 15 91  3 42
 2 15 13 60 16 99  7 88  9 89  8 83 14 14  5 51 18 48 12 63 19 61  4 51 17 52  3 57 11 29  1 16  6 38 15 44  0 23 10 86
19 77  8 56 16 48 11 31 15 23  2 92 13 89  5  3 14 92 18 48 10 92  7 55  0 17  6 20 12 90  3 72 17 75  4 73  9 54  1 63
 9 87  0 35 17 31 18 94 10 38 16 18  3 38  1 55  4 62 14 88  2 37  7 21  8 13 13 91  6 12 12 19 19 18  5 99 11 12 15 40
 4 62  9 31  0 80 16 15 17 26 19 29 13 76 11 87  6 31  7 42 18 66 15 28 10 64 12 76  1 79  3 26 14 70  2 70  8 80  5 71
17 98 15 52  6 46 13 65  2 81  5 74 12 86  7 41  8  1  0 63  4 80 14 93  3 75 11 65  1  6 10 14 16 92 18 41 19 89  9 37
 5 39 14 83 18 60 15 13  1 35 10 15 19 15 16 67 13 39  4 87  8 72  3 84 12 26  2 23  0  2 11 64  9 18  6 88 17 72  7 53
 3 73 13  9  2  7 16 36  6 28 19 59  1 77  8 40  9 61  0 82 14  2  4 99 11 39 10 68 15 70 17 17 18  7  5 56 12 29  7 25
13  6  3 26 12 58  8  6  5 43 15 92  4 38  9 82 18 77 11 49 17 98 16 85 14  2  7 91 10 92  0 17  1 26  6 50 19 82  2 91
19 30  9 24  4 55 12 68 11  5  7 12  0 10  3 35  8 45  2  5 13 85  6 10 15 19 14 67 17 97  5 66 10 68 16 73 18 17  1 63
17 95  5 41 19 44  1 85 14 73  4 25  6 82 16 64  8 54 12 83 15 59  9 96 18 17 11 90  2 94  0 92 10 11  3 16  7  8 13 59
 9 26  7 20 10 98  4 24  0 47  3 56 17 68  5 60 16  6 15 21  6 65 13 38  8 46 18 78  1 76 12 64 14 98 11 70 19 73  2 31
 8 42 17 51 15 14  1 16 11 36 14 61  6 16  4 36  9 33 18 89 13 87 10 66  7 62  3 42  5 44  0 62 12  3  2 78 16  6 19 49
11 76 15 90 19 63 18 26  9 13  3 83  6  8 13  3 14 12  7 50  1 56  5 61  2 81 12 42 10 19  8 46 16  2  4 42  0 97 17  2
11 45 16 88  6  9 14  2 13 42 15  1 18 71  3 57  2 13  1 32  5 82  8 39 17 95  0 86  7 52 12 15  9  5 19 43  4 88 10 98
12 15 16 79 11 17 10 56  7  8 15 63  3 17  5 89 17 63 13 27  9 64  4 92  0 80 18 56 19 39  1 14  6 81 14 61  2 97  8  3
 1 44  2 61 14 92 15 84  4 99 13 13 10 44 18 42  5 56 12 69  6 58  9 99 11  2 16 84  0 61  7 36  3 61 17 55 19 34  8 11
 5 70 17 90 19 65  2 79 11 29  8 40 16 84  9 72 14 21 13 46 12 28 18 96  7  6  4 74  6  3 10  4  3 72 15 49  1 22  0 49
 7 18 15 94 10 72  9 86  0 44 11 34 19 45  2 34 18 57 16 58  8 47 12 57  6  6  3  5 13 99  4 21  5 26  1 36 14 66 17 31
10 72 11 78  8 66  2 21  7 20 13 69 16 60  1 73 12 92 15 77  3 72  6 68 18 31 19 16 14 51  4 95  0 39  5 33  9 66 17 71
 7 18 13 98 15 74 19 45 17 42  2  9  0 79  3  3 16  6 10 56  6 54 18 98  8 29  5 16 12 32  9 46 11 42  1 63 14 99  4 30
 9 42 15 22  2 73  1 59  6  3 18 36 17 28 13 18 14 32 11 84  8 27  4 52  3  6  5 73 16 34 12 47  7  6  0 94 10 81 19 10
 9 21 13 55  2 82  5  3 17 88  8 65  7  7  1 27 10 45 18 13  0 14  3 28  4 32 15 47 14 48 19 61 16 99 11  7 12 76  6 25
 3 88  0 29 15 69  9 78  6  4  8 53  7 75 18 91 16 26 11 14  1  2  4 17 14 83  2 60 10 79 17 29  5 52 12  7 13 27 19 37
 4  6  1 56  7 23  0 40  9 16 18 36 15 76 16 83  8 92 10 97 13 77 17 32 11 33 19 70 12  6  2  4  6 40  5 16  3 96 14 51
11 42 10 43 19 30  5  5 16 42 17 35  0 52  9 55 18 51  1 18  3 96  8 66  6 95 13 53 12 12 14 71  4 52 15 94  7 56  2 70
17 17 13 96 19 62  6 23  4 74 15 27  9 36  2 53  0 93 12 40 18 50 11 12  5 23  3 96  1 51 16 99  7 10 10 71  8 50 14 70
19  3  9 87 13 55  5 51  4 75  8 77 17 79  3 69 12 79  1 25 16 19  6  5 14 26 15 48  7 39 11 71  2 80 18 11  0 18 10 59
 3 17  0 61 17 33 19 60  5 18 14 74 11 30 13 81 10  4  1 41 18 48  7 57  8 69  2 36 16 47 15 62  9 24  6 36  4 16 12 77
11 93  5 35 14 42  2 48  0 84 10 27 12 49  6 74  3  2 13  9  9 45 15 14 19  5  7 54 17 21 18 62  1 29 16  5  4 84  8 37
 1 57 16 92 13  4  3  8 11 45 15 66  5 82 12 27  4 25  8  8 14 43 10 69 17 39  9 11  6 58 19 75  7 43 18 25  2 18  0 65
 9 36 19 41 15 53  2 10  8 66 14 73 18 11 12  8 11 47  1 38 10 33  4 36  5 85 13 47 16 53  0 10  3 77  6  8  7 35 17 28
 3 18 10 88 19 92  4 37  7 50  6 21 13 32 18 78 16 62  9  8  5 98 17 17 11 31  2 66 14 50 15 68  8 43  1 18 12 22  0 46
 0  1 11 54 19  1 14 99  2 78 16 47  1 97  8 27 15 21  3  1  5 68 10 70 17 72  9  8 12 63 18 92  4 63  6 40 13 12  7 48
 6 50  9 77  5 21 15 83 14 26  4 95 13 95 17  7 18 66 10  7 19  9  1 65 12 93  2 32  7 75  3 20 11 48 16 32  8 27  0 13
16 63  6 62  8 65 15 82  0 63 14 54 11 73 18 94 19 77  4 66 17 23 12 84  2 85  1 86 10 47  7 62  3 13  9 75 13 93  5 47
 2 29 14 75  4 65 18 87  5 47  8 57 15 65 10 29 11 49 13 88  1 45  7 19 17 42  6 97  9 54 19 24  0  6  3 36 12 44 16 78
15 35  4  7  3 52  1 71  8 46 13 58 12 61 18  8 17 68 10 21 11 23  7  9 16 35  2 54 14 12  9 51  0 48  6 38 19 12  5  6
 1 86  9 51 15 78 12 15  5 37 19 64  6 13  2 94  4 53  3 87 13 98  7 64 18 10 17 86  8 94 10 36 11 33 16 95  0 67 14 79
11 36  2 20  1 75 10 27  3 94 12 65 13 29  0 85  4 97  7 70 18 39  5 10  6 67 17  9 14 56 16 55  9  1  8 37 15 76 19 93
 3 88 16 16 18 72 10 63 12 10  8 49 13 63 19 93  4  6  6 17  2 49 14 57 11 29 17 25 15 87  5  6  9 41  1 69  0 54  7 95
17 64  0 50 11 59 16 35 13 77  3 39  1 16 15 14  9 22 12 31 19 42 18 37  5 86  7 48  4 74  6 91 10 14 14 66  2  7  8 28
11 66  3 96 16 91 13 18  7 63 17 26  1 36  5 43 14 36  0 77  6 87 10 56 19 80 18 85 12  3  2 62  9 39 15 19  8 58  4 40
 6 18 15 79 19 81 17 56 10 42 18 70  3  4  1 35 14  3 13  7 16 47  8 41  5  5  2 76  4 44 11 70 12  9  9 20  0 52  7 28
10 40  9  1 17 87  5 54 14 95 16 96  2 18  1 64  3 78  4 95 15 67 19 79 11 26 13 23 18 39  0 73  6 21 12 86  7 12  8 22
 7 42  1 23 15 76 14 84 18 94 19 32  8 60  5 13 11 11  6  1 12 23  9 35  0 38 13 72  3  1 17  8  4 81  2 85 10  1 16 13
 6 90 13 50 11 39  5  2  4 10 12  8 15 54  9 84 10 34  0  7  7 18 16 85 19 29  2 69 17 34  1 20 18 70  8 76  3 76 14 57
 7 12 17 96  9 55  5 80 12 76 11 68 13 31  6 36  2 61 18 77  0 83 14 85  8  9 19 22  3 96 15 17 10 30  1 12  4 11 16 95
19 82 14 15  2 92 12 75 15 39  4 99 10 40  0 41 17  5 16 27 13 58  7 66  8 38  6 97  3 12  5 63  9  2  1 87 18 84 11 30
 5 16  9 58 16 16  1 40 19 91 17 45 12 13 14 72 13 52  2 45 18 63 15 21 10  6  0 90  7 69  8 77  4 50  3 37  6 42 11  5
 5 32 17 25 12 10  9 84 15 25 18 90  1 96  0 89 19 95 10 29  2 21 11 44  3 90 14 11  6 93  8 87  4 43  7  7 13 15 16 85
15 10 16  3 10 41  4 95  3 75 17 13 13 53  6 16 14 98  8 57  1 48  5 51  0 92  9 87  2 45 18 66  7 98 11 45 19 65 12 61
 0 73  1 41  9 71 17 14 11  9 16 34  6 19  7 92  5 91  3 39 10 46 15 17  2 48 12 79  4 96 19 25 13 83 14 13  8 89 18 85
12 23  8 81  6 93 13 35 18 90 15 66  2 75  4 75  5 35 17 25 19 99  9 17  3 59  7 65 11 92 16 40 14 21  1 40  0 38 10  8
13 66 14 31  0 40  5 26 15 84  3 93  1  2 19  5 12 51  2 38  7 62 17 11  4 99 11 18 16 28  9 22  6  7  8 79 10 43 18 99
10 53  7 39 17 92  0  6 19 92 11 83 18 36 16 59  4 95  8 65 12 85  6 24 15 94  3  6  1 47  2  6  9  5 13  1  5 79 14 98
13 89 11 52  1 62  0 25  4 68  6 62 14 41  3 73 15 78  2 42 18 10 10 45 16 84  7 55  5 33 17 42  9 93 19  3  8 60 12  7
 4 68 18 15 17 28  9 91 11 80  6  5 19 66  1 36 15  2  3 57 13 66 12 16  7 51  8 18  0 83 16 95  5 21 10 93 14 74  2 63
19 94 12 57  0 73  8 20  7 88  1 89 10 18  9 49  5 87 16 29  3 51 17 52 11  4  6 33 14 68 13 27 18 42 15 53  4 91  2 92
 2 22  6 10  3 84 15 21 13 13  5 39 17 77 16 48  1 22  0 13 19 64 11 91  9 28  7 76 10 20 12 99  8 26 18 78 14 58  4 75
 0 82 10 65  8 48 17 74  2 27  3  2  6 54 18 84  5 57 12 38  1 80  9 24  4 44 13 86  7 87 11 60 16 21 15 74 14 48 19 83
14  2 18 18 11  1 16 56 19 47  2  4  5 39  4 43 17 69 13 11  6  4  1 33 12 48  8 14  0 87 10 46  3  8 15 34  9 43  7 77
13 58  0 39 11 98  4 76 10  7  6 31  8 54  2  9 14 93  7 60 12 22  5 69 16 91  1 72 17 78 15 55 19 16  3 71 18 75  9  2
13 19 11 60  8 38  5 16 10 62  7 73 15  9 14 64  0 61  1 49 19 51  3 37 18 86 17 83 12 15 16 22  9 21  4 72  6 76  2 98
 6 75 13 71 18 14  3 23  4 99 17  2 14 59  8 11 10 15  1 53 19 73 11 25 15 32  0 32  2 83  7 48 12 60  5 66  9 96 16 11
17 94 12 89  0  7 15 69 14 93  8 18  1 50  6 30  9 54 18 35  3 88  4 21  7 54  5 80  2 30 11 43 13 48 10 40 16  5 19 68
 0 22  2 57 17 36 12 54  8 87  5 23 15 76 11 52  9 44  7 49 18 42 16 98 13 55  1  8 14 47 19 73  4 82 10 60  6 28  3 87
 8 33  6 34  1 50  7 75 13 25  2 14 11 38  4 80  9 87 10 33 19 91 16 87 12  1 15 90  3 88 18 90  0 22 17 64  5 62 14 18
10 32 11 60 16 30  3 18  0  1  9 34 14 56  4 15  6 22 12 80  8 25 15  9  5 55  7 51  1 24 19 86 13 67 18 61  2 38 17 99
13 43  4 71 16 65 19 58  2 37 17 60  1 65  5 83 18 90  6 94 14 11 10 26  7 41 15  1  0 60  8 77  3 55 12 53  9 15 11 59
 2 43  9 17  6 30 14 65 19  2 11 51 12 14 17  5  1 46  4 41  3  5 18 32  7 31  5 31  8  3 15 84 16 82 13 25 10 39  0 87
14 81  2 67 10 61 12 55  8 87  5 20  6 28 19  7 18 14  4 73  9 72  7  5 16 58 11 57 15 38  0 61 13 28 17 53  3 75  1 31
 8 22  2 26 19 10  3 19 12 10 15 78 10 37 11 85 14  2  5 35 13 12 18 15 16 59  9 69  4 91  1 66 17 98  0 28  6 76  7 87
12 20  0 95 16 10 11 44  9 95  3 30  7 94  4 86  5 12 17 89 15 83 19 57  8 11 18 29 14 48  6 38 13 50  1 83  2 34 10 29
17  5  9 47  6 24 12 78 13 33  3 25 18 53  5 44 10 44  7 97 15  4 11 54 16 89  1 85  0 22  4 46  2 22 19 98 14 83  8 30
12 70  0  8  3 45 11 26  2  5 15 36  4 92 18 79  7  3  1 11  8 16 16 16  5 66  6  9  9 18 19 62 14 71 10 29 13 80 17 96
 5 79 12 95  2 76  0 25 16 66  8 99  4 20 19 29 10 99  1 19 13 99  3 34  9 70  6 50 18 18 17  9  7 51 11 46 14 70 15 32
 4 77  3 99 10 49 15 27  6 62 13 10 14 26  0 77  7 14 12 18  5  4  9 13  1  6  2 48 18 40 16 82 17 37 19 20 11 91  8 55
 5 51  7 26 16 11 11 45  8 82  4  6 10 54 18 43  0 60 12 15  6 66 17  2 14 84  1  5  3 21  2 35  9 77 19 16 13 12 15 54
 3 56 16 53  9 20  2 18 11 64 15 17  4 73  5 12 13 84 14 10 12 40  1 42 18 66  0  7 19 28  8 30 17 97 10 60  6 33  7 30
17 67  1 34  2 76  0 79 18 79 14 75 16 44 12 39 19 76 13 66  8 24  4 14  5 51  9 15  6 60  7 29 10 36  3 48 11 27 15 25
 6 39 16 11  3  7  9 35  0 55  2 63 13 96 12  9 11 37  7 59 18 20  4 43 19 22  5 71 14 61 15 61  8 80 17 73 10  3  1 41
 3 24  9  2 17 46 13 82 12 53  1 80  8 75 15 15  5 86 14 41  6 27  4 72  2 59 19 89 10 36  0 82 16 95 18 25  7 66 11 59
 8 13  6 62 16 55  3 72  5 98 17 29  2 90 10 46 13 73  1 83 18 54 11 80 12 82 19 77 15 65  4 62  0 36  9 39  7 26 14 22