120 20
 8 30 16 90 13 13 12 13  3 26 14 79  2 93  6 52 11 12  0 49  1 72 19 71  9  3 10 16 17 37  5  9  4 58 15 74 18 30  7 58
 7 87  0 51 10 70  4 10  1 40 11  2  8 89  5 16  9 10 14 94  3 91 16 81 17 14  2 34 12 89  6 30 19 41 15 11 18 58 13 94
 6 38 15 84 13 55 14  3 10 35 18 66 19 97  4 24  1 34 17 43  2 23  3 11 11 99 12 64  7  5  8 94  9 75  0 39 16 22  5 65
 0 96  8 38  3 24  5 37  9 78 15 30 16 58  6 49  4 44 19 69 17 48 18  7 14 95  1 73 13 25 12 93 11 54 10 14  2 31  7 88
 5  1 12 18  4 59  1 76  3 99 18 14 17 20 15 11 19  2 16 72  2 18  7 17 10 93 11 89  9 15  8 75 14 47  6 66  0 81 13 95
 3 44 14  6 19 42 11 58 15 79 17 75  0 12 12 57  5 50  4 74 13 78 10 45  6  9 16 81  7 51  1 83  9 84  2 88  8 25 18 23
 7 64 10 18 15 76  8 89  9 35 12 98 17 55 18 60 13 75 11 16 14  2 19 30  6 23  3 19 16  5  2 96  0 31  5 31  1 91  4 22
 9 58  3 17  8 21  2 98 11 70  0 25 15 58  7 35 18 21  5 77  1 68 16 58 14 34 13 64  4 16 12 72  6 26 17 25 19 93 10 42
 4 25 12 29 19 99  2 63  9 41  6 65  1  4  0 41 13 60 14 13  7 29  3 75 16 42 11 83 17 81 15 17 18 48  8 98 10 79  5 47
 9 45 14 77 16 19 10 23  2 67  4 95  6 28  3 13 12 77  1 14 19 93 18 35  5 22  7 96  0 23 17 18  8 29 13 99 15 77 11 98
12 11 10 40  8 52  5 44  0 20  9 20 19 25 15 26  3 32 17 64  2  4  7  5 14 28 13 40 11 54 16 41  1 39  4 11  6 86 18 80
16 13 18 99  8 28  4  1 12  7  1 50 10 34 14 68 19 97  5 52  2 57  9 49 11 23 13 19  3 96  6 76  0 57  7 95 15 96 17 52
 6 77  5 85 16 23  1 38 15 93 10 20 19 51  0 36  9 53  4 78 11 79 12 94  8 63 17 32 14 69  7 14 18 92 13 29  3 47  2 98
 0 64  9 97 13 27 15 94 10 81 17 60  3 43  7 32 16 33 18 38 19 21  2 21 12 20 14 56  1 85  4 77  8 24  5 61  6 91 11 77
 0 88 11 26  4 70 12 55  7 82  8 14 17 68 16 87  2 11  5 54  6 23 13 34 18 13  1 83 19 55 14  2  9 86  3 92 15 25 10 50
 2 73 15 72 16 88  0 85 19 46 11 70  8 85  9 70 14 32  1 19  5  6 10 49 12 91 17 83 18  7  4  7  6 32 13 27  7 33  3 75
13 52 19 77 16 72  8 86  1 86  7 10 10 97  0 81  2 79 15 76  3 38 17 64 11 75 18 40  9 32 14 87  5 69  6 62 12 59  4 55
15 90 18 72  6 24 13 92  4 65  3 13  8 46  0 47 16 45 11 48 14 90 17 87  1 78  9 12  7 54 10 44 12 50  5 68 19 96  2 68
14 38 18 41  2 37 11 54  4 80 15 55 16 28  7 47 17 11  0  4  3 36 10 45 12 80 13 24  5 14  8 86  6 60  9 51  1 64 19 85
10 46 16 73  0 48 12 18 18 45  7 96 11 28 14 53 13 40  9 43  4 45  1 23  6 38 15 19  2  2 19 19  5 50 17 90  3 51  8 35
10 71 11 40 19 31  1 29  8 74  5 36 12 31  9 58 14 78  3  3  4 91 13 42 16 20  0 32  7 29 17 52  6 95  2 87 15 47 18 98
14 92  3 66  8  2  7 82 17 34 18 17 12 99 15 75 16 56 13 27  2  6 19 49  6 81 11 82  1 95 10 20  9 83  0 18  5  4  4 38
 2 56  1 14  7 78  4 85  3  2 15 95  6  7 16 36  8 81  9 87 14 10  5 26 19 32 10 68 13 63 17 56 11 37  0  4 18 21 12 61
19 45  5 42  0 85 13 48  4 43 11 48  7 42 12 67 17 64  9 22 14 17  3 79  6 75 18 28  2 20 16  6  1 65  8 38 10 56 15 68
 2 24  6 68 19 22 16 81 17 81  9  4  7 87 11 91 15 83  3 77  8 76  0 56  4 32 13 30 14 87  1 42 10 95  5 78 18 67 12 69
18 59  1 25  4 49 16 40  0 47  2 24  8 83 19 88 12 13  7 90 10 44  9 10  6 82  3 53 17 36 14 42 13 12  5 59 15 90 11 79
 1  8 15 24  8 39 18 97  5 16 14 70 17 93  9 86  3 24  4 37 16 41 11 18  2 85  0 11 13 85 10 11  7 24 12 58  6 73 19 91
 4 36 11 58  9 51  2 41 19 48  0 51 12 93  6  8  5 60 16  5  1 68  3 86 17 53 15 16 13 21 10 14 14 90  7 53  8 94 18 59
 6 53 14 17 11 41 17 74  9 91  1  6 15 76 10 35 12 80  7  2  3 58 16 25  8  9  4 83 18 76 13 14  5 25  2 55  0 59 19 36
18 81  1 63  4 46  0  2  9 71  5 36  2 80 16 49  3 25 14 91 11 37 13 15 12 13  8 88 10 14 17 96 15 76 19 69  7 36  6 83
 5 46  0 85  2 32 13 24  1 63  3 60 14 41  6 27 10 52 19 49  9 20 12 25  4 65 18 35  8 10  7 74 11 95 16 28 15  2 17 72
16 12 10 97  3 45 19 42 12 77 11 83 18 33  7 75  0  8 15 25  2 74 17 35  4 23  5 95  9 24 13 63  6 59  1 68  8 25 14 75
17 37  2 65 16 22 19 29 10  6 11 21 14 42  0 62 15 88  7 47  6 63  3 67 12 38 13 75  4  2  9 85  8 15  1 96  5 44 18  1
11 33  6 35 19 65  5 35  9 98 18 99 17 79 12 47  0 52  7 78  1 34 10 20  4 84 14 25  8 29 16 94 15 13  3 41  2  1 13 48
 0  6  1 30 15 21  9 41  5 37  8 68 16 62 12 26 13 55 11 89  2 72 10 22 17 68  4 93  6 48  3 76 19 65  7 30 18 26 14 27
 5 10  0 76  6 28 14 12 11 47  7 42  1  2 19 66 10 76  2 22  8 12 17 33  3 55 13 87 12 58  9  2 18 35 16 81  4 21 15 33
12 57  8 68  1 68  4 38  5 49 16 36  7 24 10 84  6 27  0 79 19 61 18  9 17 87 15 38 13 88 11 17  3 13  9 36  2 25 14 71
 3  5 14 28  5 67 11 50 15 91  1 61  8 75 18 66  7 31  0 80 19 18 12 74 16  3  2 58 13 71  6 14  4 68  9 63 17 20 10 18
14 45 19 78  1  6  8 75 11 80  3  4 16 28 17 87  5 32 13 10  4 99  6 79  7 76 18 14 12 57  2 26 10 59 15 13  0 65  9 92
 3 76 17 54  4 72 14 16 16 29  6 65  9 78 18 39  0 83 13  9 11  3 15 64  5 16 19 89 12 82  7 32  1 55  8  5 10  3  2  4
12 84 19  6 16 23 18 98 10 56 11 27  9 98 17 39 15 44  0  6  2 84  8 88  1 45 14 82  3 71  7 46  6 49  5 80 13 30  4 56
18 90 12 94  3 94 19 90  1 67 15 29 11  9 14 15  9 74  4 66  8 80  0 73  6 25 17 23  2 58 10 21 13 97 16 17  7 46  5 48
17 64 13 99  1 18  6 76 15 23  3 90  8  3  0 79 10 76 12 71 14  3  7 35 16 34  4 46  9 50  5 41 11 97  2 64 19 78 18 47
 6 50  5 85 11 83 19 99 15 11 10 45  2 25 18 55  1 66  9 93 16 22  3 40  8 62 12 64 17 40  4 78  7 96  0 48 14 45 13 51
16 52 18 53 19 48 17 57  9 48  2 80 12 57  4  8 11 86  5 82 14 39 10 31  3 23  0 97 15 48  8 36 13 79  1 44  7 33  6 12
 5 12 18 28  0 64  2 28 10 82  8 73 13 78 16 52 11 35 15 88 12 65 19 50 17 76  4 74 14 24  6  6  3 46  7 31  1 80  9 66
13 91  5 32  0 80 18 58  7 42  6 18 11 47  1 57 16 85 10 97  4 22  9 76 17 40  2 50 19 23  8 54 15 74 14 67  3  9 12 78
12  5  6  9 18 50  9 98  4 34  1 40 19 41 11 79  8 28 15 11 16  8  7 88  2 19 13 69  5 24  3 81 14 53 17 90 10 43  0 68
 2  7  3 76 12 50  7 67  6 91  9 73 11 91  5  4 17 66 16 41  8 29 15 27  4 46 13  6 18 70  0 38 14 28 10 60  1 59 19 71
18 52  8 41 12 61  2 94 11 75 17 27  7 36  9 24 13  4  0 86  4 15  6 50  5 47 10  8 15  2  1 56  3 13 19 47 14 30 16 74
14 29  1 61 16  8 19 60 17 16 18 34  4 35  3 56 13  3 15 39  6 40  0 15 11 45  9 93 10 43  2 68  5 10 12 21  7 96  8 64
10 59  2 75 16 34  9 75 14 81 15 24  5 42 17 32  7 22  8 25  3 89 12 29  1 48 19 97 13 62  0  7  4 78  6 29 11 33 18 76
11 97  6 35 12 57  4 42  5 95 10  1 14 94  1  4  8 52 16 24 17 88  3 40  0 51 13 37  7 17  9 20 19 36  2 76 18 25 15 44
10 74  9 85  4 64 19 24  8 22 11 22 14 11 13 46  0 70  7 13  5 30  2  9 18 85  6 97 15 67 12 49  1 15 16 66 17 55  3 32
 4 82  3 64 16 54 14 41  0 72 11 79 15  5 10 14 12 18 17  7  9 11 18 62  8 37 19 26  5 38  7 31  1 85  6 75 13 53  2 33
11 72  8 26  0 70 18 65 17 39 13 40  9 96  2 15 10 46 19 87 14 86  3  8  1  6 16 12 15 11  5  5  7 90  6 17  4 83 12 40
14 23  2 91 10 64 11  6 12 31  8 17 19 34  4 23  6 65  7  2  9 55  3 28 17 36  1 78 16 36 15  4  5 42  0  6 18 15 13 38
 4 82  6 39 15 52 11 14  3 57  9 36  0 33  1 68 13 41 19 97 18 86  7 53 16 98 12 41  8 60 14 53  2 78  5 13 17 36 10 86
16 34  3 71  7 48 13 89  0 63 11 75 19 14 14 84  9 77  6 99  5 49 15 49 10 20 17 34 12 19  4  5 18 94  1 42  2 46  8 31
15 26  7 25  1 53 17 30 18 66 14  8 19 19 16 77  6 47  9 12  8 63 11 12  3 71  0 96  2 35 12  3 10 22  4 32 13 76  5 83
 9 64 13 40 11 19 10 96  8 67 15 94 18 48  5 94  2 23  7 47  4 27 14 47 17 78  0 60 16 58 19  5  6  1  1 90  3 81 12 75
 5 64 11 77 16 73  6 15 18 60  3 20  4 88 14 95 15 80 17 51  0 34  7 61 19 13 13 70  1 52 10 13  2 19  8 70 12 79  9 36
10 89  0 83 11 50  5 94 13 70  2 97  1 25  7 25 15 21  8 87 12 11 18 71  4  7  3 99 16 98 14 45  9 42 17  8  6 92 19 61
19 44  8 67 10 20 13 90 14 34  0 17  9 98  4 61  6  5  3 87 11 64  1 62 18 48 12 18  5 70  2 52 15 79 17 41 16 86  7  6
16 26 14 74  7 22 17 11  8 98 18 30 13 74  0 60 12  4  5 40 19 32  6 91  1 55  4 76 10  2  2 37  3 56  9 17 11 66 15  7
 5 81  0 27 16 11  3 98  9 54 11 85 12 35  2 95  8 57 19 88  1 29 17 98 18 59 13  3 10 90  7 27  4 57 14  6 15 81  6 52
11 75 10 13  7 93 19 86  6 52  9 87  2 44  0 50 16 93  3 75 13 49 17 88  4 62  1 91  8 29 15 94  5 72 18 92 14 30 12 72
13 11  6 39  4 84 15 56 16 25  1 55 19 59  7 97 10 29 18 83  3 95  9 50  0 81 11 30 12 43  2  1 17 94  8 46  5 26 14 62
13 11 18 28  3 16  9 60  1 99  2 21 17 92  5 99 14 67 19 24  6 85 10 65 16 67  8 17 11 32  4 89 12 98  7 16 15 16  0 94
18 98  9 53  2 47 13 37 10 23  1 45  8 53  5 13 12 25 16 48 19 74  0 95  3 47 11 11  4 98  7 86 15 71 17 42 14 88  6 33
 2 76  7  3 14 84 19 13 17 49  3 53  8 32 11 86 12 88 18 28 10 50  6 37  0 30 15 86 13 45  9 80  5 21  4 26  1 35 16 68
12 12 10 49 19 22 15 63  9 74  5 86 13  7  4 67  8  4  7 55 17 36 16 54  3 93  1 72 18 84 14  8  6 20 11  7  2 84  0 38
 4 51 12 71  5 86 18 47 17 53 19 38  7 33  8 34  1 72  3 61 11 27 16  5 15 62 10 84 14 19  9 12  0 37 13 65  2 31  6 70
10 80  1 25  5 11  3 24 19 51 15 72 16 51 12 76 11 82 17 61  9 74  6 10  2 63  4 14  7 82 14 23  0 20 13 38  8 83 18 86
 5 99 14 90  6 15  4 79  9 84 18 12 19 47 13 82 17 81 12 58  2  6  0 21  7 15 10 33  3 80  1 66  8 44 15 17 11 24 16 13
 2 70  4 19  9 87  7 53 12 94  1 39  8 38 10 33  5 41 13 52 19 61 18 50  6  5 15 75  3 49 14 69 11 59 16 79 17 16  0 60
18 90 13 31 19 24  3 21  8 97  6 98  2 17  5 28 12 34 16 61  7 75 11 39 10  7  1 23  9  4  4 47 17 26 15 65 14 12  0 50
 3 36 18 46  5 53  4 12  8 75 15 61  0 51 11 93 19 62 12 56 10 70  7 54  1 26 13 34  6 34 17 38 16 15  2 37 14 92  9  3
 5 10  9 86 16 72 15 47  2 58  4 52  1 69 17 75 19 13 11 98  6 40 14 77  0 35  7 21 18 71  3 41 12 94 13 78  8 47 10 34
 2 44  4 86 16  4  1 69  8 13 15  5 13  7  5 55  0 74  6 61 11 28 19 15  9 69 18 32 12 53 17 28  7 81 14 97 10  8  3 98
 5 59  9 20 11 77 12 68  0 49 16 67 18 50 17 28  4 26  2 85 10 30  1 51  7 78 19 38 15 48 13 66 14  1  3 78  8 19  6 59
19 79  2 97 15 67  5 10 11 36  6 82  3 44 17 77  7 44  4 99  8 55  9 57 10 64 12 54  1 12 13 42 18  4 16 29 14 28  0 63
16  3 17 49 13 86  9 61  7 74  5 54 11 20  1 27 12  5  4 86  0 65  8 66  3 60  2 48 19 51 18 19 10 78 14 58  6 18 15 54
18 60  2 79  0 54 11 21 12  1 14  4 13 56 19 42  6  8  9 32  5 30 17  3 15 46  8 55  3 46  7 83  1 61 16 69  4 57 10 13
 0 46 16  7  6 31 17 42 10 98  5 55  3 78  9 77 11 82  2 37  8  3  7 75  1 54  4 35 14 67 18 33 15 38 13 11 12  6 19 79
12 95 13 40  3 32  4 56 16 79  1 40 19 42  7 73  2 52 14 91  6 31  8 53 15 18  9 82 11 29  0 20 18 57  5 49 10 47 17 36
14  6  8 15 19 94  7 93  0 55  4 85  5 42  1 47  2 35 17 26 16 31  3  1 10 78 15 81  6 46 13 92 12 93 11  2 18 28  9 68
15 17 13 93  7 75 16  6  9 18  0 43 10 64  6 91  3 94  4 39  8 40 17 48  1  8 14 37  5 91 19 30 11 74  2 37 12 83 18 13
12 47  1 36  2 80 10 38 11 42  5 31  4 99  9 12 14 36  0  8  6 81  7 26 16 21 18 48 17 14 15 63 19 97 13  7  8 41  3 64
 1 37  2 39  8 21 12 20 11 18  6  3  5 92 19 54 16  8 18 27 14 50  4 98  7 84 13 80 17 12  0 25 10 53 15 67  9 49  3  5
 9 31 10 25 16 10  1 10  5 51  6 26 17 86 11 64 12  9  4  8 18 29  0 40 15  7 14  6 19 83 13 16  8 43  7 87  2 23  3 40
 7  7 11 18 14 63  1  6 16 49  4 29 10 27 12  1 19 16  6 53  3 41 17 24 15 38  2 47 18 78  9 87 13 74  0 76  5 18  8 45
 2 80 14 57  9 87  3 94 13 87 10 15  5 30 15 95 16 82 18 53 11 31 12 98  7 54  6 36  8 59  4 21  1 37  0 11 19 72 17 57
17 50  6 28 14 88 19 43 10 31  8 49  1 59 13 69  9  5  0 11  2 32 12 90  4 47 16 35 15 79  7 35 18 71  5 86 11  9  3 32
 2 72 14 10  7 58  6 10  1 54  4 59 16 61  3 72 13 99 10 95 18 90  9 24 11 89 15 24 19 92 17 93  8 92 12 52  0 68  5 83
 1 44  9 68  4 87  3 36  5 55 13 65 19 35 11 13  6 83 10 92  2 24  8 72 16 52 12 97 18 45 14 88  7 26 15 44 17 39  0  6
13 70 14  5 12 68 18 90  8 13  9 14  3 74 17 28  4 19  5 14 15 53 16 54  1  7  2 90 10 62 19 12  7 75  6 62  0 88 11 94
 9 72  1 47  7 40  3 66  0 61 10 16 12 85  6 77 13 74 18 93  4 22  8 40 16 80 11 10  2 34 15  4 19 52  5 53 17 50 14 26
 8 64 19 48  7 48  3 55  2 25 17 69  0 50 14 17  1 24  9 57 13 56  4 31 12 12 15 10  6 22  5 18 10 12 18 81 16 98 11 89
16 39 10 34 18 70 13 37 12 51 15 89 19 98  5 91  8 69 14 95 17 87  2 15  1 61  6 15  9 32  7 61  3 49 11 95  4 95  0 67
10 81  3 73  9 34  6 14  0 76  7 14  1 72 15  5  8 56  5 56 12 22 19 99  4 97  2 60 18 72 11 60 13 59 14 68 16 54 17 58
18 95  6 96  9 48 19 67 10  5  4 32 17 47  0 10  8 52 13 13  7 80 14 28  1  2  3 91 15 75 16 93  2  3  5 49 12  4 11 15
 9 59  7 83 12 39 10 99 15 54 19 96  3 95  6 79  4 97 17 70  0 62 16 61  1 36 13 45  8 30 14 17  5 16 11 36  2 74 18 46
 9  7 19  3  4 87  8  3 17 11  0 82 15 40  7 43 12  8 11 89  1 56 10 82  2 64  5 53 16 39 14 31  6 11 13 10 18 69  3 66
19 93 16 37  7 84  6  9  8 66 10 27  2 91 18 86 11 39  4 14 13 56  0 96  1 85 17 75  5 48  9 60 14 21  3 58 12 42 15 97
10  4  5 96  8 29  3 98 19 34 11 71 15 73 14 72 13 29  4 49  6 79 17 85  7 57  0 84 18 66 12 10  9 40  2 72 16 18  1  2
17 28  4 20  0 44 13 16 14 75  7 84 18 19 19 51 15 71 16 96  8 13  5 76 10 69 11  2  1 75 12 98  9 19  6 47  2 94  3 10
 5 46 12 91  1 89 16 13  6 10 14 27 19 81 18 64 13 47 17 60  4 46 10 25  3 50  2 26  7 89  9 29  0 62 11 71  8  4 15  7
 6 28 13 58  0 42 15 93 11 26 16 71  1 49 17 61 19 70 18 15 10 25  5 67  8 35  3 90  9 68 14 61  4 56  2 82  7 21 12 28
 7 97  5 91  1 91 18 93 10 26 13 59 15 44  0 61 17 78 19 21 12 39 16 15 11 93  4 42 14 65  9 29  8 67  2 60  3 85  6 63
14 78  4 91 18 30  6 16  0 92  8 33 16 83  7 12  5 42 19 60 15  8 12 56  9 63 17  3 10 22 11 98  3 88  1 77 13 12  2 36
 4  2 16 97 13 73 11  1  6 42  5 71 15 39 12 62  0 50  3 78  8 82 10 39  1 50  2 77 14  8 17 46  7 95  9 97 19 54 18 63
 6 47  2 70  0  8  7 54  3 65 14 88  8 74 11 90  9 54 13 96 16 69 15 51 12 48 10 59 18 29  5 26 17 29  1 59 19 32  4 83
19  4 17  7  7 77 10 70  0 16  4 76  5 76 16 12 18 96 13 21 15  7  3 59 11 84  8 52  2 35  1 40  9 22  6 48 12 84 14 98
 7 94  4 52  6 45 17 76  3 66  8 18  2 67 18 58  5 97 10 72 11 35 15 63 12 43  1 55 13 47  9 88 14 55  0 21 16 16 19 56
11 61 19 52 12 84 15 35  0 25  7 36 16 77  5 76  6 99  2 18  3 28  8 82 18 39  9 72 10 63  1  1 14 29  4  9 13 49 17 27
18 92  3 49 14 60 11 51  8 28 13 45  2 42 17  9 16 44  7 51 12 54  0 30  4 44 15 31  9  3  1 65 10 37  5 42 19 42  6 96
 1 67  6 89 10  9  4 28 13 79 18 80  8 91  0 25 12 37 16 44  9 10 11 54 17 14  2 44 15 23  7 99 14 40  5 23 19 92  3 45
10 82  2 91  9 19  7 26  1 72  8 25 11 63 17 87 13 46  5 34  4  5 15 94 12 53  0 92  6 44 16 19  3 44 19 16 14 93 18 21
13 50 16 25  7 72  4 48  3  6  6 17  8  4 19 23 15 94  1 17 10 34 18 34 11 76 12 51  0 55  9 26 17 90  5  5 14 66  2 23