130 15
12  1  4 21 13 45  7 70  8 19 10 15 14 42  5 78  2 12 11 86  3 82  9 22  1 80  6 64  0 99
 1 81  5 37  6 58 12 63  2 23  9 14 14 29  0 87 13 19  7 41  8 81  4 68  3 70 11 80 10 39
 2 93  1 68  5 97  7 78 12 46 11  1  4 33  3 81 13 55  0 63 10 23  6 67  8 58 14 87  9 86
10 95 14 58  9 57  1 98 13 84  6 99 12 48  4 47  3 12  0 10  7 26 11 91  5  9  8 78  2 94
 8  4  4 52  0  4 14 63  5 23  6 48  7 91 12 14 11 45 13 82 10 14  2  2  3 94  1 57  9 57
 5 84  6 40 14 75  0 90 10 28  4 28  8  5  3 89 13 60  9 59 11  1  7 23  2 58  1 27 12 99
12 91  6 71  3  4  2 41  1 26  9 18  4 32 10 41  7 17 14 57 11 65  0  4 13 70  5 36  8 20
 1 40  4 45 10  1  7  9  9 93  2 95  5  6  6 49 14 56  3 82 13 83 12 31  0 38 11 22  8 49
14 75 10 22  3 46  4 89  2 92 11 23 12 89 13 77  7 26  0 81  8 33  5 40  6 89  1  9  9 32
10 39  1 59  9  9  3 88 11 26  8 76 14 30  2 87  6 58  5 84  0 16  7  2 13 80 12 49  4 96
11 81  6 78  7 10 10 67 13 18 14  6  2 19  8 23  1 15  9 47  5 99 12  4  0 70  4 58  3 65
11 61  4 86 14 26 12 12  3 71 13 13  1 69  2 57  8 48 10 74  6 83  7  2  5  3  9 93  0 40
 6 65 10  4  1 12 14 45  2 28  9 62  7 44  4 62 12  2  3 97  0 92  5 83 11 22 13 42  8 78
 4 13 10 25  3 72 14 48  0 65  8 40  1 88  5 33  7 43  9 35 13 54  6 47 12  8  2 64 11 16
 4 38  2  3  0 82 13 40 11 87  7 17 14 62  6 21 12 58  3 21 10 24  1 12  8 48  5 75  9 89
 7 43 12 14  2 41  5 85 10 90  1 90  0 14  6 65 14 89  3 79 11 99  9 52 13 26  4 86  8 70
 9 84 14  2 10 80 12 92 11 24 13 37  2 15  8 47  4 76  3 90  7 53  6 14  1 75  5 98  0 39
 8 90  2 36  4 85 14 36  0 43 13 65  9  4  7 18 10  1  1 40  3  5 11 60 12 50  6 56  5 60
 6  4 10 71  5 70  7  4 12 89  4 97  0  3  2  3 11 66  3  6 13 55  1 86 14 87  8 33  9 96
 5 74  9 40  1 19 10 16  3 40 13 11 11 48  6 38  4 82  7 45  8 32  2 50 12 22  0 88 14 84
 6 36  0 72  8 61 13 64 14 40 11 63  2 22  7 29  1 39 10 65  9 70 12 11  5 15  4 35  3 70
 2 41 13 94 14 46  3 44  6 18  8 90  9 13 11 67 10 67  7  8  1 39  4 27 12 22  5  5  0 60
 5 50  6 64  9 94  4 65  3 83  7 47  2  6 10 83 14 78  0 78 11 24 13 74 12 95  1 21  8 94
10 11  8 69 12 62  0 45  5 16 11 17  3 90  2 57  1 98  6 51  9 88  4 82 14 20  7 25 13 90
 0 30  9 24 12 79 14 61  8 43  5 17 10 12 11 87  3 35 13 93  6 37  1 88  2 64  7 44  4 52
 2 10  8 10  7 58 14 48  4 25  0 75  1 80  5 81 11 49 10 47 13 10  9 99 12 95  6 63  3  6
 4 51  5 98  1 90 10 49  3 63 14 24  7 71 13 85  9 66 12 94  0 73  8 59  6 27  2 80 11 19
13 13  5 14  4 96 10 77 14 80 11 90 12 74  7 55  0 67  9 74  8 43  3 69  1  9  2 41  6 51
 8 78  3 13  6 95 10 19 13  8 14 26  4 22  9 77  0 65  1 63 11 36  5 77 12 28  2 98  7 26
 6 61  4 59  9 35 13 86 10 56  5 91 11 22  3 88 14 18  1 67 12  7  0  1  2 75  7 77  8 90
 4 14  5 97 14 75  0 87  9 46  3 93  2 21  7 16  8 52  1 95 11  4  6 45 13 11 10 91 12 50
 6 95 11 94  8 69  3 68  9 62  0 40  1 89  2 69  5 42  7 52 14 96  4 52 12 71 10 16 13 52
 4 92 14 67  3 46  8 71  6 96  0 29 13 80  9 11 11 66  2 41  1 96  7 71 12 87  5 54 10 34
 6 59 10 43  4 61  8  6  2 45  3 67  9 43 13 64 14 67  5 76 11 94 12 81  7 65  1 16  0 63
 2 99  3 39  5 19  0 21 10 66  4 36 12 38  7 78  8 19  9 45 13 91  1  1 11 86 14 64  6 48
12 20  1 68  3 91  0 90  2 14  7  1  6 36 11 14 13 25 14 50  9  7  5 53 10 79  8 77  4 11
 8 72  9 99  2 15  5 84 10 68  6 60 14 95  1 78  7 72 11 73  4 24  3 20 13 53 12 35  0 82
11 38  4 57  7 46  9 84 12 95  3 89 14 35  6 44 13  6  1 27  0 52 10 60  5 76  8 34  2 22
 4 24  1  7  8 55  5 51  6 57 14 65  0 46 13 96  2 16  3 67  7  8 10 14 11 45  9 68 12  6
 2 99 14 14  9 40 10 31  6 39 13  8  1 79  8 40 11 85  5 86 12 39  3 79  7 13  4 59  0 94
 1 62 12 31 14 86  7  4  9 35  4 93  5 89  8  7 10 66  6 66  0 95 11 96  3 84 13 58  2 69
13 74 12 64 11 67  4 52  7  3 14  9  1 19  9 84  0 76  8 66  6  4  5 18 10 73  2 99  3 62
 8 94 11 66  4 77  5 29 14 31  9 42 10 58  1 75  2 18  6 46 13 46  3  4  7  7  0  6 12 29
13 26  4 73  0 54  3 48  5 84 10 89  9 42 12 78 14  7  7 30  1 27  6 18  2 90  8 42 11 66
 0 64 13 48  6 95  7 94 12 42  1 88  2 52 11 13 14 61  4 84  3 32  9 54  8 66  5  7 10 41
 3 97  7 86 12 97  2 66 13 17 14 97  1 94 11  2 10 44  5 55  6  4  4 70  9 99  8 32  0 87
 8 33  0  4  1 30  6 88 12 76 11 95 14  9  4 55  9 27  5 43  7 48 13 12  2 14 10 63  3 71
 4 30  2 88  3  3 11 80  5 66  0 14 14 81  1 64  8  4  6 83 13  2 12 43  7  9  9  1 10 13
 0 32  8 43  6 21  4 95  9 57  5 94 11 90  3  2  1  6  7 35 10 53 12 45 13  6  2 85 14 32
13 96 10 14 11 95  2 91  3 78  7 80  5 73  9 30 14 28  0  5  1 61  6 92 12 28  8 52  4 50
 5 72  2  3  8 43  7 61  4 52 10 80 11 77  3 21 14 70 13 47 12 62  0 80  9 45  6 40  1 99
 9 43  2 46  0 53 10 88 12 54  1 10  3 93  8 21  7 11  4 18 11 44 14 76  5 60  6 93 13 51
14 20  4 13  0 90 12 73  6 93  1 80 11 50  5 62 10 30 13 97  3 84  2 32  9 53  8 40  7 84
 7 65  1 57  0 26 11 85  6 85  9 75  5  5 12  8 10 22  2 53  3 13 14 77  4 75  8 82 13 50
11 36  1 20 14 70  3 96  9 67  6 83  5 42 12 83  7 83  4 24  2 24 13 79  8 47 10 58  0 70
 8  5  0 35  3 48  1 18  4 27  7 57 11 36 13 63 12 36 10 93  9 39  5 22  6 50 14 56  2  3
14 83 11 70 12 17 13 99  1 63  6 51  4  7  3 27  5 75  7 68  8 92  0 13 10 31  2 75  9 95
 7 35  2 17 12 67  4 99  0 63  8 74  1  9  3 25  9 84 11 71 13 43 14 43 10 98  6 92  5 16
12 96  2  7  7 15  3 74  0  1 14 43 10 48 11 80  1  4  6  9 13 76  5 52  8 38  4 67  9 48
12 51  0 23  4  7  2 93  9 60  3 87 13 35 11 63 14 17  1  8  5 54  6  6  8 63  7 63 10 95
10 35  9 91 14 46  2 61  3 88  1 31  7 55 11 68  0 76  8 37 13 19 12 66  6 88  5  8  4 56
 4 47  7 84 10 24  3 37 12 84  5 84 11 42  1 82  0  1 14 47  6 86  9  8  8 90 13 19  2 49
 4 18  8 33  5 89  3 36 11 13  0 80  2  9 10  8 12 37  1 92  7 41 13 74  6  5  9  9 14 30
11 34  5 82  8 17  0 43  4 33  7 55 14  7  1  4  3 75 13 88  6 39  2 13 10 63  9 18 12 78
 0 43 14 68 12 72  1  1  4 13 10 82  9 39  6 10  7 54  2  3 13 92  8 21  3 66 11 28  5 10
12 56 11 11 14 49 13 33  7 49  8 91  0 65  1 92  9 33  3 72 10 62  2 93  5 29  6 26  4 67
 6 13 12 68  3 17  1 87  4 54  7 88 11 40 10 45  9 98  5 57 14 79  2 32 13 91  0 75  8  3
 0 16  1 32 12 81  5 29  9 48  7 46 14 88  4 71 13 97 10 75 11 13  6 76  8 53  3 91  2 13
 3 52 14 92  5 38 12 82  7 47  4 83 13 70  1 26 10 41  2 87  8 71  9 33 11 92  6 96  0 97
 1 86 13 41  6 64  5 69 11 28  9 84 14 47  0 96  7 59 10 62  2 69  4 64  8 70 12 90  3 10
 1 33  9 22 11 47 12 80  7 21 14 53  5 73  8 53  3 13  0 19  2 76 13 94 10 34  4 53  6 69
 0 26  2 85  7 85  4 98  5 15  9 69  1 24 11 83 13 90 14 94 10 70 12 36  8 83  3 17  6 11
 6 25 11 77  4 93 10 22  5 49  3 87 12 84 13 35  0 74  2 51  8 16  9 81  7 44  1 46 14 21
12  2  0  3  8 59 13 21  2 30  7 98  6 25  9 78 14 18  5 71  1 55  4  3 10 83  3 71 11 68
 4 42 14 57  8 79  1 30 12 66  9 75  2 77  7 79  3 21  5 97 13 95 11 24  0 68  6 11 10 13
 1 63  9 21  3 10  7 13  6 26  0 27  4 72  2 84 14 86 10 30 12 30 11 57 13 62  8 85  5 88
 3 86  0 94 10 96  2 84  7 90 11 35 12 62  9 75  8 59  1 39 14 66  4 98  5 78  6 13 13 77
 6 97  2 37 13 87 14  3  8 55 12  5  4 31 11 88  1 16  0 71  3  6 10  4  7 42  9 60  5 74
 2 14  0 71 11 69  6  6  7 85 10 53  4 68  3  1  9 99  8 20 13 34 12 62  1 91 14 33  5 59
10 22  7 67  0 55  6 86  5 64 13 48 14 55  2 42  1 68  9 17  4 15 11 62  8 45 12 14  3 19
11 27  3 57  6 27  9 12  5 96  4 20  7 26 13 75  1 29 14 92 10  3 12 35  0 23  2 97  8 69
 6 71  0 82  1 35 13 49 11 65  5 32  7 56 12 87 10 77  9 53  4 26 14 74  2 20  8 63  3 23
11  8  8 17 13  7  1  3  0 51  5 80  3 98  9 47 12 54 14 77  2 26  6 69  4 92 10 69  7 10
 7 37  2 97  1 92  0 53  6 49  9 82 13 57  8 59 14  6 11 75  4 22 12 23  3 99 10 49  5 98
14 71  1 10  3 11  7 17  2  3  5 40 10 25  6 66 12 43  8 80  9 84 13 21  4 36 11 38  0  1
 0 92 10 96  9 54 14 99  6  7 12  1  3 20  8 73 11 32  1 87  5 99  2 87  7 90  4 49 13 79
10 79  3 93  9 83 14 61  5 49  1 49  4 29  6 61  2 81  8 18  7 16  0 28 13 77 12 83 11 71
 6 91  3  7 14 93 12 85  0 67 10 75  8 73  4 66  1 60  9  2  7 85  2 94  5  5 13 75 11 83
10 33  4 30  9 64  6 54 13 95  5 63  1 63  7 12 12 52 11 15  3  3  8 13 14 93  0 12  2 13
 1 16  2 66 10 20  0 80  4 49 12 24  7 64  3 25  5 61  6 65  8 93  9 22 11 92 14 17 13 50
 5 55 10 16 12 54  4 77 13 15  7 35  1 41  3 24  2 21  9 32 11 19  6 57 14 68  8 87  0 65
13 59  8 59  2  6 11 82  6 25  0 97 10 35  3 63  9 90 14 34  1 21  4 84 12 90  5 47  7 24
12 30  6 98 11 82  4 99  5 18  0 52 14 36  9 77  2 72  7 98 13 80 10 33  3 77  8 39  1 83
 4  1  9 43 13 26  6 14 10 45 12 72  0  7  2 32 11 37  7  2 14 18  1 44  5 48  8  4  3 54
 8 97  1  9  9 67 12 42 11 89 14 96  4 88  5 68 13 62 10 97  7 18  3 49  6 15  0 67  2  3
 1 38 13 69 12 82 10 32  2 76 14 70 11 28  6 48  4 57  9 78  8 25  5 19  0 95  7 94  3 39
13  4  9 82  2 75  0 70 10  2  3 75 11 70  7 20  6 45  8  1 12 28  5 95  4 93  1  4 14  7
 3  1  4 13 13 76 11 32 12 28  9 71  0 22 10 58 14  2  6 68  7 38  1 74  8 87  5 61  2 75
 5 57  1 50  2 48  6 18  0  7  4 84  9 38  7 32  8 96 12 53 11 49 14 32  3 12 10 83 13 82
 0 67  3 50  9  5 12 71 10 40  2 74  5 94  4 22  7 91 13 78 11 26  1 47 14 91  6 47  8 26
 3 28  2 57  4 80  5 16  0 87  6 56 11 93  8 77  7 80  9 84  1 52 14 26 13 64 10 88 12 18
14 50 12 19  6 15  7 79 10 38  2 32  3 73  9 86  8 98  0 38 11 16  1 98  5 27 13 47  4 23
 5 35  0 54  3 75  8 72  6 37  4 62 11 14  1  7  7 14 14 95 10 68  2 45 13 43 12 12  9 56
 3 83  9 79 12  4 11 34  4 67  8 19  2 53  7 70 14 30  6 57  1 27  0 95 13 57  5 55 10 91
11 19  8 89 10 66  9 17  4 54  1 91  5 79 13 10  0 23  7 46 14 71 12 54  3 44  6 45  2 26
11 61 12 48  9 75  3 39  5 49  1 85  7 88  2 84  8 75 10 39  6  1  4 78 14  2  0 37 13 22
11 55  9 60  5 98 10 20 12 94  7 77  2 41  3 71 13 87  4 53 14 34  1 17  6 87  8 59  0 97
11 72 10 58  2 68  7  3 14  2  3  8  6 77  4 68  5 23  1 29 13 15  8 75  9 15 12 80  0 27
12 41  4 75  7 21  8 64  6 66  5 77 14 66  2 63  0 55  1  1 13 98  3 84  9 86 11 58 10 49
 1 67  9 41  0 15  8 39  5 26  7 16  6 31 14 97  2 56 13 25  3 78 11 20 10 50  4 76 12 76
12 77 11 75  2 72  5 23  1 72 10 57 13 20  8 23  0 25  6 29  4 18 14 22  7 72  9  8  3 41
12 12  1 71  8 75 13 61 14 22  7 30 10 19  4  7  6 61  5 60  0 29  2 17  3  3  9 65 11  4
 8 18  0  1 14 12  2 61  3  1  7 59 10 72  4 71  5 98  9 73 12 51 13 69 11 43  6 74  1 17
 7 87  1 52  8 12  3 69  6 30  4 68  2 14  5 21 10 60 11 10  9 54 12 48 13 20 14 72  0 27
11 86 12 84  8  1  0 43 10 31  3 37  9  6 13 40  4 54  5 81  1 91  6  2 14 41  2 65  7 24
10 23 14 69  3 27  8 64  5 88 12 65  4 38  7 42  2 66  0 58 11  9  9  8 13 37  6 20  1 78
 5 49 13 98 12 67  2 33  4  8  7 91  6 40  9 17  0  5 11 31  1 26 14 84  3 81  8 57 10 98
13 15  4 87  9 69  0 71 14 94  1 76  2 73 10 47 12 34  6 17  8 21  3 83  5 42  7 79 11 77
10 83 11 24  6 76  9 70 14 53  8 12  5 27 13 60  1 29  3 34 12 50  0 73  7 89  4 56  2 33
 9 33 10 37  8 21 13 45  1 19 11 39  5 16  2 33  6 22 14 88  4 89 12 17  0 19  3 33  7 74
11 37 10 69 12 52 14 86  0 61  7 80  5 89  2 65  6  7  8 27  1 43 13 99  9  8  4 11  3 12
 5 86  4 43 13 11 14 63  7 62  1 19  9 23  6 47  3 85  2  9 10 99  8 96  0 84 11 97 12 44
 7 50 12  8  8 37 14 17 11  3  0  1 13 68  2 87  4 13  5 26  3 45 10 15  1 22  9 97  6  2
11 98  4 73 14 28  7 13 10 30  5 73 13 53  6 16  9 87 12 64  3 47  2 40  0 57  8 65  1 54
 9 29 14 72 12 64  7 36  3 11 13 71  1 40  8 89  6 64  2 84  5 73 10 74  0 63 11 85  4 55
 7 16  3 39  1 94  2  3  8  3  6 27  5 40 10 41  0 94 12 73 14 23 13  9  4 18  9 68 11 89
 7 59 12 60  5 31  3 53  8  1  4 52 10 34 13 67  1 59 14 79  6 38  0  3 11 31  2 52  9  1
12 72  9 37  0 44  1 17  5 91 13 49  4 40 14 86  8 56 11 31 10 29  2 17  7 89  3 13  6 30
11 53  3 79  9 59 14 18  5 73 13 37  4 71 10 88  2 39  8 89  1 14  0 36  6 86 12 66  7 92
11 32 10 45  8 55  2 21  0 32  6 55 14 12  9 88  3 92  4 30 12 80  5 54  1 30  7 66 13 48