150 15
 4 64 10 31  9 17  8 98  5 37  0 47 11 90  7 63 14  6  1 81  2 62  6 66 12 47  3 64 13 74
 9 82  6 61  1 30  3 41 14 63 13 40  4 25  7  4 10 55 11 79 12 84  2 98  0 30  8 49  5 11
11 25  0 23 12 75  5 61 14 39  8 88  2 44 10 28  6 26  4 29  7 46  3 54 13 24  9 26  1 50
 0 19 12 35  6 23 11 15  3 59  2 50  8 88  5 54  9 86  7 93 10 95  4 25 14 14  1 44 13 96
14  4 11 28  3  3  9  4  0 91  4 28  6 31 13 61  8 95 12 19 10 26  7 92  2 72  5 19  1 33
 7 76 10 29 14 32  0 96  1 88  8 13 11 67 12 59  6 17 13 80  2 22  5 52  9 63  4 63  3 39
 6 58 13 70  3 67 12 82  9 12  0 94  8  1  4 27 11 60  2  5  7 26 10 27  1 75  5 83 14 34
 0 90 10 74  5 26  2 87  3 62  1 53  6 65 14 30  9 20 12 76  8 54  4 41 11 94  7 31 13 13
12 27  7 88 11 41 10 44  2 36  3 94 13 46  0 81  5 38 14 74  1 41  8 69  4 19  6 14  9 64
11  9  5 26  4 20  7  1 13 86  1 44  0 91 12 75  6 77  9 76  2 37 14  2  8 78  3 95 10 18
14 60  8 47  7 88  0 72 13 71  4 51  3 46  1 34  2 98  6 95  5 56 10 41 11 36 12 45  9  6
 5 82 10 38  1 58  7 93 11 69  6 42  0 62 12 79  3 87  4 66 14 77  9 37  2 13 13 44  8 15
12 46  8 74  0 19 11 26  6 25  2 98 14 99  9 18  4 30  7 42  3 15  1 43 13 73 10 33  5 91
 3 73  5 70  4 37 11 68 14 76  6 92 12 22  8 38 13 67  2 59  7 59  9 85  0 88  1 11 10 91
 5 78  2  7 12 65  9 13  1 94  0 28 13 14  7 47  3 40  4 35 11 71  6 46 14 87  8 84 10  7
 2  2  3  2  7 34  9 26  8 29 11 53 10 93 14 96  0 38 12 83  1 38 13  1  6 40  5 97  4 35
14 91  4 72  0 33 13 29 11  8  3  1 12 66  1 10  6 94 10 13  2 70  5 86  8  9  9 39  7 14
10 46  4 10  8 95 11  6  0 74 14 12  1 87  2 64 12 50  9 10  3 53  6 90  7 70  5  5 13 59
 0 16  1 34  8 30  2 30 13 70  4 28 10 78 11 82  7 69  5 60  3 30 14 63 12 51  6 74  9 58
11 94 13 19 12 97  9  7 10 56  8 53  5 56  0 76 14 54  2 42  4 39  3 89  6 29  1 47  7 59
10 55  2 75  0 67  3 64  9 44  5 67  1 53  4 43  7 35  6 99 14 85 13 97 12 47  8 81 11 75
 6 81 12 18  0 64  2 71 13 63  5 24  9 26 14 50 10 12  1 87  4 46  3 25  7 45  8 17 11 81
 5 24  6 87 14 80  9 91  2 90  7 36 11 63  8 38 12 91  4  6 10 43  3 35 13 23  1 67  0 64
 9 19  2 60  6 86  8 32  0 37 14 65  1 88  4 19 11 82  3  3  5 22 13 58  7 21 12 84 10 67
14 67 10 54  8 69  6 17  7 13  5 62  1  4 13 13 12 83  4 25 11 40  9 14  0 94  3 89  2 56
 1 70 11 96 14 46  0 84  3 65 10 17  4 59  5 89  6 96  7 64  8 94 13 95  2  9 12 36  9 10
 3 25 14  2  0 27  2 29  1 55  6 58  9 21 10 62 12 33 11 33  5 81 13 97  4 32  7 73  8 99
 0 82  5 88  1 47  4  1  3 46 12 56 14  5  9 44 13 29 11 89  2  7 10 38  8  5  7 12  6 80
14 95 10 96  3 93  6 39  5  6  2 79  1 85  4 68  7 43  0 88 13 75  8 81 12 10  9  4 11 55
 2 87 14 79  9  8 10 19 12 71  0 69  3 44  1 10  8 54 13 66  6 62  7 58  5  4  4 23 11 42
 5 30  4 80  0 76  3 26  1 24  7 20 13 25  6 68  9 76  8 65 11 72 14 28  2 68 12 70 10  1
 7  8 10  2  6 21 11 73 14 96  2 86 12 19  3 20  0 63  5 60  4 24  9 84 13 96  8 69  1 46
 3 36  0 40 14 54  2 18 10 63  5 99 12 58  6 71  8  9  9 95 11 27 13 80  7 72  4 32  1 95
10 37 14 62  5 38  1 20 12 50  2 76  6  9 11 46  4 17  8 85  9 92  3 78  7 88 13 58  0 61
10 55 14  7  4 44  3 54  7 25  5 17 12 51  8 53  0 20  9  1 13 15  1 12 11 95  2 93  6 43
 7 81  5 79  0 78 13 59 10 24 11  1  3 81  4 26  1 55  2 63  8 59  6 43  9 84 12 58 14 57
11 81  9 33  0 62 14 27  5  3 13 23  2 90 10 75  3  2  7 60  8 67  6  6 12 38  4 14  1 11
11 67  9 78  6 81 13 87 14 18 12 81  8 96  3 58  2 97  4 69  7 42  5 21  1 52 10 86  0 83
13 88  8 32 10  2  4 63 12 23  6 11  1 76  0 13 11 81  9 34  5  4  7 19  2 29  3 97 14 65
 8  1  2 87 10 23  5 26  3 77 13 59  6 22  0 19 14 19  4 92 11 77 12 38  1 58  7 12  9 64
13  4  0 16  7 46 10 28  4 34  6 78  9 72  8 48  1 85  3  6  2 64 14 10 12 40 11 25  5 22
14 98 10 66  2 43  3 16  9 54  6 72  1 27  8 52 12 68  5 28  0 74 11 49  7  2  4 59 13 31
10 11 11 16  7 69  8 96  9 28  6 84 12 90  3 10 14 35  4 54  5 39  0 59  1  3 13 26  2 32
 3 74 10 84 12 54  4  7 13 79  0  3  8 30  6  4  5 75  9 68 14 30  1 67  7 52 11 94  2 42
 9 70  4 74  7 18 14 23 13 71  1 48 10 78  0 87  2 26  5 31  8 77  6 20 11 53 12 17  3 98
 1 74  6  3 12 56  2 41  5 97 11 13  9 40  4 74  3 32 14 40  0 16  8 33 13  7  7 66 10 47
11  2  5 94  0 40 10 13  4 43  3 26 12 61  6 33  9 64  8 16  7 90 13 42  2 70 14 87  1 16
 1 38 11 80  0 99  4 92  8 72 12  5  9 23  6  4 13 97 14 99  5 58 10 54  3 84  2 96  7 35
 2 96 10 50 12 71  3 15  1 15  0 91 11  3  9 15  7 99  6 87 14 32  5  6  4 71 13 39  8  8
 0 72  6 61 10  4  4 78  9 35  7 66 13  6  1 75  5 67  8 32  2 39 12 32 11 35 14 96  3 17
 9 48 13 61 14 83  4  4 10 90 11 32  5  2  6 76  7 21 12 61  2 70  8 15  0 21  1  4  3 16
12 45  6 81  9 99  2 47  8 41  4 73  7 47  3 68 10 61 14 23  1 19 11 79  0 20 13  8  5 98
13 50  0 97  4 37  8 12  3 24  1 37  5 60  7 65 12 10 14 58 10 54 11 37  2 47  6  4  9 55
 7 34  6 38  0 87  8 81  1 82 11  8  9 88 12 38  4 53 13 28  3 55 14 97  2 69  5 64 10 77
10 37  2 96  4 52 12 76  6 68 14 57  9 39 11 70  7  6  5  2  8 70  0 20 13 20  3 29  1 48
14  6  1 28 11 62  5 64  3 26  4 84  2 58  0 88 13 98  7 10 10 22  6  6 12 19  9 16  8 72
 3 88  0 43 14 72  6 67 12 19  9  6 10 37 13 20  2 74  5 96  4 19  7 44  1 53 11  9  8 15
 4  3  3 11 12  3 10 90  9  9 11 33  2 11  0 42  7 93  6 34 13 29 14 15  8 79  5 28  1 70
14 54  2 64  1 53  7 69  6 33 12 53 11 46  8 56 13  3  4 30  3 70 10 44  0 38  5 91  9 75
 8 76  0 92  6  3 11 72 12 26  5 62 14 25  7 95  3 44  4 48 13 39  9 22  2 29  1 71 10 32
14  1  8 66  3 98 12  8  5 51 11 78 10 61  7 37  2 36  1 37  6 85  4 34 13 50  0  4  9 59
10 16 12 50  0 53  4 36  6  9  1 75 14 62 13 51  9 40  2 15  7 42 11 58  5  7  8 74  3 32
 1 54  7 34  4 24  8 51  0 74 13 69  2 16 10 69 14 95  9 41  6 83 11 70 12 16  5 92  3 97
 8 91  4 32  5 80 13 70  0 19  3 58 11 60  1 88 14 56 10 64 12 45  7 39  2 50  6 96  9  6
 1  5  0 73  4 91  8 42  5 87 13 28  7 57  2 48 11 61 14 38  9 48  6 90 12 21 10 43  3 77
14 16 10 33  1 87  2  4  7 39  3 11 12 51  5 32  6 46  4 31 13 62  9 60 11 52  0 98  8 29
 1 15 11 29  6 59 14 29  5 18  0 94 13 38  3 76 10 84  4 42  9 25  2 52  8 37  7 19 12 28
13 41  7 57 11 41  8 43  4 62  0 12 10 27  9 91  5 20 12 11  2 18 14 16  1 41  6 34  3 29
10 79  4 27  0 42  9 59  8 46 12 78  7 60  6 38  3 53  2 66 14 79 11  5  1  7  5 18 13 71
14 23 11 30  5 62 12 43  7 22  3 75  4 94  1 33 10 98  6 74  9 65 13 63  0 88  2  4  8 14
14 12 11 69  7 36  6 39  2  8  9 84 13 39  5 53  1 79  0 58  3 56 12 24 10 29  4 55  8 87
 3  6  9 53  6 36 12  3 13 28 14 27  0 16  7 28  1 90 11  6  4 37  2 82 10 24  5 94  8 88
10 74  6 57 14 35  0 48  4 95  7 81  3 25 12 66  8 74 13 42 11 88  9 98  5 74  2 56  1  5
 6 50  0 88  3 86  8 88  9 81 14 87 11 32  4 22  5 77  7 92 13  9 12  9 10 60  2 99  1  1
 0 48  1 88  8 40  2 66  6 15 11 82  4 30  7 83  3 40  9 94 12 19 13 80  5 41 14 36 10 70
13 78 14 61  1 88  5 52  7 64 10 37  8 25  2 30  6 57 11 91  9 73  4 94  0 32 12 87  3 25
 2 27  8  3 13 93  7 97  0 31 11 86  6 34  5 69 12 68  9 18  1 19 14 22 10 28  3  3  4 27
 7 30 13 74 11 69  4 78  5 30 12 44  0  2 10  5  9 92  2 58  3 92  1 28  6 23  8 87 14  2
 0 54 10 91  2 61  6 78 11 59  1 62 14 59  9  5  3 95  4 36 12 67  8 77  7 93 13 69  5 81
14 53  6 19  9 79  7 71  8 81  2 72  4 21 10 34  5 83 13 25  0 53  3 74 11 35 12 49  1 99
11 43  0 93 13 99  1 79 10 31  9 79  2 83 14 81  7 81 12 39  3 56  5 91  4 76  8 56  6 14
10 71  5  9 13 33  2 92  6 20 12 44  1 36 14  8  4 32  9 31 11 83  7 70  3 96  8 58  0  5
 1 22  8 55 12 85  5 51 11 16  6 68  0 40  2 67 10 64  3 29  4 53  9 71 13  1 14 60  7 26
 3 82  5  6 10 65  8 69  4 61  0 15 12 70 11 79 14 31  9 60  1 28  2  3 13 17  6 43  7 88
 9 52  4 30 13 63  1 88 10  9  8 27  6 51  0 26  3  1 14 34  5 78 12 82 11 70  7 24  2 78
11 12  3 77 12 71  5 10  1 19 14 19  2 48 13 59 10  8  0 23  7 81  4 84  9 40  8 40  6  4
 5 34 13 75 10 36 12  9  2 27  1  6 14  5  3 59  0 54  8 57  6 92  7 90  9  8 11 86  4 19
 0 88 13 49  1 71  9 92 10 81 11 27 12 10  5 86  4 81 14 97  8 47  3 46  7 64  6 23  2 20
14 81  9 67 11 72  1 73  8 25 13 29 12  5  5 58  2 73  4  2  0 42  3 59  6 78 10 82  7  9
 0 53  1 11  6 95 14 75 12 73  2  3  4 85 13 46  9 45 10 30  5 97  7 38  8 26  3 89 11 44
10 30 11 90 14 13  2 13  4 26 12 79  6 93  1 52  9 12  7 49  8 72 13 71  0  3  3 16  5 37
 3  9  0 58 12 74  1 30 13 58  5 87  8 51  6 70 11 10 14 40  2  2  7 89  4 16  9 10 10 94
 7 91  4 81  9 14 11 34 12 89 14 30  6 41  5 11  2 58  1 94 10 38  3 84 13 55  8  3  0 35
12 66  1 97  7 24  0 34 10 43  3 23  6 11 13 99 11 64  8  5  4 94  9 75  5 39 14 22  2 65
11 96 14 38  1 24  9 37  6 78 13 30  5 58  3 49  4 44 10 69  8 48  0  7  2 95 12 73  7 25
 7 93 13 54  1 14 11 31 12 88  5  1  8 18  6 59  2 76  9 99 14 14  0 20 10 11  3  2  4 72
 4 18  8 17 14 93  2 89 13 15  6 75  1 47  0 66 11 81  7 95 10 44 12  6  9 42  5 58  3 79
10 75 14 12 11 57  7 50  1 74  8 78  4 45  0  9  2 81  9 51  6 83  5 84 13 88  3 25 12 23
12 64  8 18 14 76 11 89  1 35  4 98  2 55  7 60 13 75  3 16  9  2 10 30  0 23  5 19  6  5
12 96 13 31  9 31 11 91  3 22 14 58  5 17  8 21  2 98  1 70  4 25 10 58  6 35  7 21  0 77
10 68  9 58  1 34  8 64  7 16  6 72  2 26 12 25  3 93 14 42  4 25 11 29  5 99 13 63  0 41
 3 65  5  4 14 41  2 60  8 13  9 29  1 75 13 42  4 83 10 81 11 17  0 48  6 98 12 79  7 47
 8 45  0 77 13 19  6 23 14 67  3 95  5 28 10 13 12 77 11 14  9 93  4 35  2 22  1 96  7 23
10 18  1 29 14 99  3 77 12 98  9 11 13 40  7 52  6 44 11 20  0 20  5 25  8 26  2 32  4 64
13  4  0  5  2 28  7 40  9 54  3 41  8 39  1 11  6 86 11 80 10 13 14 99  5 28 12  1  4  7
 4 50 10 34  9 68 13 97 12 52 14 57  1 49  2 23  5 19  6 96  8 76  7 57  0 95  3 96 11 52
 9 77  7 85  4 23  0 38 12 93 13 20  6 51 10 36 14 53  5 78  1 79  3 94  8 63  2 32 11 69
 2 14  1 92  6 29 11 47  0 98  4 64  9 97 12 27  8 94 13 81  3 60 10 43  5 32  7 33 14 38
 7 21  8 21  5 20  6 56  1 85  2 77 10 24 11 61  9 91  3 77  4 88 12 26 13 70 14 55  0 82
10 14 12 68 11 87  8 11  1 54  4 23  7 34  2 13 14 83  3 55  0  2  5 86 13 92  9 25  6 50
 7 73  0 72  4 88 11 85  1 46 14 70  3 85  9 70 12 32  6 19 10  6 13 49  2 91  8 83  5  7
10  7  8 32 13 27  1 33 14 75  3 52  4 77 12 72  7 86  5 86  0 10 11 97  9 81  6 79  2 76
12 38 11 64  5 75  9 40  3 32 13 87  0 69  7 62  4 59  6 55  2 90 14 72  1 24  8 92 10 65
 1 13  8 46 12 47  5 45  6 48  0 90  4 87  3 78  2 12 13 54 14 44  7 50  9 68 11 96 10 68
 1 38  3 41 11 37  7 54  5 80 12 55 14 28  4 47 13 11 10  4  0 36  8 45  6 80  9 24  2 14
 8 86  2 60  5 51 11 64  1 85  0 46  6 73  4 48 12 18 10 45  7 96 14 28 13 53  3 40  9 43
 7 45  9 23  8 38  1 19  6  2  0 19 11 50 14 90  5 51 12 35  3 71 10 40  2 31 13 29  4 74
 5 36  6 31  1 58  8 78  4  3  7 91  9 42  3 20 10 32  2 29 12 52 11 95 13 87 14 47  0 98
 7 92  9 66  8  2 12 82  5 34  1 17  2 99 13 75  3 56  6 27  4  6 14 49 11 81  0 82 10 95
 9 20 11 83  6 18  8  4  2 38  7 56  4 14  5 78  1 85 13  2  0 95  3  7 10 36 12 81 14 87
 1 10  5 26 11 32 12 68  3 63  0 56 14 37  4  4 13 21 10 61  6 45  9 42  2 85  7 48  8 43
 3 48 12 42  5 67 10 64  2 22  0 17  4 79 14 75 13 28  8 20  7  6  9 65  1 38 11 56  6 68
 0 24  6 68  7 22 13 81  1 81  2  4  8 87  4 91 12 83 14 77  5 76  3 56  9 32 11 30 10 87
 6 42 12 95  9 78  7 67  0 69  4 59 10 25  5 49  3 40  2 47 13 24  8 83 11 88 14 13  1 90
11 44  5 10  6 82  9 53 13 36  4 42  3 12  8 59  0 90 14 79  1  8  7 24 10 39 12 97  2 16
 8 70  5 93  3 86  0 24  1 37  2 41  9 18 10 85  7 11 13 85  4 11 14 24 12 58 11 73  6 91
 9 36  5 58  2 51  8 41  7 48  1 51  4 93 14  8  0 60 12  5  6 68 10 86 13 53  3 16 11 21
 7 14  3 90  0 53  8 94  1 59 14 53 10 17  5 41 12 74  9 91  4  6  2 76 11 35 13 80  6  2
10 58 12 25  8  9  1 83  3 76  5 14  2 25  0 55 11 59 14 36  9 81 13 63  7 46  6  2  4 71
 8 36  2 80 10 49 13 25  1 91  4 37  9 15  7 13 11 88  5 14 14 96  3 76 12 69  6 36  0 83
11 46  7 85  5 32  3 24  1 63  4 60  8 41  2 27 13 52  6 49 14 20 12 25  0 65 10 35  9 10
13 74  5 95  9 28 14  2  0 72  3 12  4 97  6 45  8 42  7 77  1 83 11 33  2 75 10  8 12 25
 4 74  0 35 12 23  1 95 11 24  8 63 14 59  6 68  9 25  2 75 10 37  3 65 13 22  7 29  5  6
 0 21 14 42 10 62  6 88  2 47  5 63  9 67 12 38 13 75 11  2  1 85  8 15  7 96  4 44  3  1
13 33  0 35  5 65  4 35  2 98 12 99 14 79  8 47  9 52  3 78 10 34  1 20  7 84  6 25 11 29
 3 94  4 13 12 41 11  1  0 48  1  6  2 30  9 21 13 41  7 37 14 68 10 62  6 26  5 55  8 89
13 72  2 22 12 68  1 93  3 48 14 76 10 65  8 30  9 26  4 27  0 10 11 76  7 28  6 12  5 47
10 42  0  2 13 66 11 76  4 22  1 12 12 33 14 55  2 87  5 58  7  2  3 35  6 81  8 21  9 33
10 57  8 68 11 68  2 38  3 49 13 36  7 24  1 84  5 27 12 79  0 61 14  9  4 87  6 38  9 88
 9 17  1 13  0 36  5 25 11 71  4  5  7 28 10 67 13 50  8 91  2 61 12 75  3 66 14 31  6 80
 3 18 11 74  1  3 14 58  4 71  9 14  6 68 12 63 13 20  5 18  0 45  7 78  2  6  8 75 10 80
 0  4  1 28  5 87  8 32  4 10  7 99  2 79 11 76 13 14  6 57 12 26 14 59 10 13  3 65  9 92
 8 76  7 54  2 72 12 16 11 29  4 65  9 78 13 39  1 83  0  9 10  3  5 64  6 16 14 89  3 82
14 32  8 55  5  5  3  3  1  4  6 84 10  6  4 23  2 98  7 56 12 27 11 98  9 39 13 44  0  6
 1 84 12 88  0 45 11 82  5 71  8 46  4 49 13 80 14 30  3 56  7 90 10 94  9 94  6 90  2 67
14 29  2  9  0 15  6 74  7 66  1 80  5 73  4 25  8 23  9 58 11 21 10 97 12 17  3 46 13 48
 0 64 11 99  2 18  3 76  9 23  4 90 14  3  8 79  7 76  1 71 12  3 10 35  5 34  6 46 13 50
 3 41 14 97 10 64  0 78  9 47  6 50  2 85 13 83  8 99 11 11  4 45  5 25  1 55 12 66  7 93
 3 22 10 40  0 62 11 64  5 40  7 78 14 96 13 48  4 45  1 51  9 52 12 53  8 48  6 57  2 48
 8 80 14 57 10  8  3 86  5 82 13 39  1 31  4 23  0 97  6 48  2 36 11 79  9 44 12 33  7 12