120 15
 9 20 13 16  3 15  2 36  7 65  6 25 11  5  8 77  0 51 10 55  5 20 12 10  1 44  4 84 14 71
 9 13  3 77 12 48 10 92  1 10 13 59  2 92 11 93  5 44  0 88  8 66 14 50  7 54  4 61  6 39
 3 91  6 89  1 80 12 44  8 17 10 44  4 72 13 69  7  3 14 74 11 15  2 23  9 53  5  8  0 88
 2 93  0 63 11 72  3  4 13 11  1  1 10  7  7 29 12 67  8 55  9 69  4 10 14 28  6 97  5 67
 4 79  7 98  2 85  3 38 10 38 14 96  6 87 11 20  9 23  0 50 13  2  8 45  5 38 12 30  1 66
10 21 14 65 11 57  9 99  2 96 13 50  7 98  3 96 12 94  6 95  0 27  4 65  1 74  5 13  8 38
 3 73 13  5 14 79  6 37  5 33  8 20 12 16  7 58  1 26 11 77  9 53  2 43  4 17 10 20  0 72
 7 18 10 50 11 39  2 64  0 69  5 76  1 19  8  4 14 16  4 92  6 78 12 73  3  8 13 80  9  1
 7 64  4 69 12 98  5 51  3 86 13 26  0  7  1  9  9  2 10 62  2 32 11 19  6  5  8 69 14  1
14 72  8 27 10 97  6 83  1 27  9 32  2 63 11 47 13 86 12 87  7  2  3 53  4 15  5  7  0 76
 2 65 10 31  4 55 12 54  0 20  7 31  8 20 11 78  6  5  1 44  3 49  5 98 13 29 14 60  9 53
 1 26  8 50 12 50  3 74  5 17  9 31 13 95  2 38  0 16  7 94 14 82 11 71  4 50 10 19  6  9
 0  3  5 63  7 23 10 95 14  5 12 21  6 60  8 66  4  2 13 59  3 22  9 52  2 57  1 17 11 20
 2 65  7 70  4  3  0 42  1 40  5 15  3 64 10 79 12 87  6 96 13 66 14 29 11  7  8 60  9 26
 8 89 12 45  7 38 10 81 11 94 13 34  9 36  0 95  5 14  2 36  3 68 14 86  4 95  6 85  1  3
11 57  2 70  9 59  0 39  7 25  5 93  1  9 14 32  4 36 13 56  8 96 10 61  6  5  3 33 12 34
10 97  9 72  6 62  5 41  3 96  7 95 13  9 12 97  4 16  2 93 14 85  1 50 11 12  8 52  0 92
 8 40  1  2  5 56  7 15  6 48  3 78  9 97 12 44 14 46  4  4  0 92 13  9 10 79  2 33 11 70
12 15  9 78  0 72  4 63 14 90 13 76  2 25  6 89  5 41  8 94  7 49  1 57 11  2  3 67 10 88
11 94  9 79  8 21  6 77  7 12 13 87 12 14  2 64  0 11  3 41  4 29 14 30 10 61  1 16  5 97
14 36 11 68  6 27  5 72 13 96 10 40  1 83  9 70  0 62 12 24  3 78  4 34  7 31  8  5  2 58
14 30  3 52 13 72 10  8  6 14  0 62  5 81  8 86  2  7  4 42  7 40 12 85  9 54  1 50 11 79
 0 18  2  6  7 57 10 68 12 55  8 27 13 71 11 33  5  1  9 39  4 28  1 81  3  6  6 39 14 41
 7 76  5 48  1 15  6 72  2 99  0 23  9 80  8 86 14 21  3 26 10  9 11 82  4 83 12 57 13 57
11 68  8 14  0 40 12 98  2 15 13 44 10 35  9 70  1 31  6 38  3 27  5 55  7 29  4 83 14 61
 8 95  1 73  7 97  6 59 12 20  4 34 13 48 11 16 14  5  2 74  5  3  3 81  9 96  0 34 10 36
14 79  6 13  0 69 13 75  3 72  1  5 10 54  2 30 11 62  4 51  7 57  5 22 12  8  9  3  8 94
10 59 14  2  6 21 11 35  4 68  5 60  7 56 12 43  3 56  1 43  0 31  2 19  8 40 13 82  9 38
10 74  9 69  3 58  6 65  4 27  7 93  5 93  8 17  0 98 12 19  1  3 14 77  2  2 13  1 11 37
 0 31  8 53 10 74 14 61  4 42  6 56  9 49 13 97  1 17 11 47  5 81 12 53  2 60  3 22  7 41
 9 53  1 86 11 98 14 80 10 25  6 86  7 82  2 20 12 61 13 60  5  9  3 42  4 13  0 84  8 98
10 28  3 27  1 77  5 26 12 52  9 43  7 31  6 31  0 62 14 92  2 94 11 38  8 94  4 47 13 91
 6 56 13 15  8 40  2 95  5 23  7 41  3 36 11 67 14 71 12 79 10 48  1 29  9 91  4 23  0 84
12 16  8  4  6 27  9 26  0 87  3 86 13 52  2 28 11 79 14 66 10 38  7 51  5 63  4 64  1 41
 4 75 10 76  1  3 14 65  9 98 12 51  8 22 11 51  6 70 13 40  3 35  5 68  2 69  7 76  0 64
11  4 10 36  5 82  2 57  3 47  4 41  9 90  6 80 14 83 12 78  1 18  7 73 13 96  0  6  8 98
 2 90  3 16  7 31 14  6 12 65  0 30  6 72 10 28 11 21  9 16  1 48  4 30  8  7 13 63  5 12
 5 93 11 66 14 27 12 83  7 19  2 99 13 68  1 39  8 21  0 88 10 22  4 61  6 24  9 24  3 14
12 90  2 18  9 16  8 92  7 91 10 58  0 48  3 37 11  5 14 99 13  8  5 54  1 34  6 31  4 81
 5 92  4 54  2 63  3 30  6 11 12 46 13 37 10  8  0 77  7 93  9  8 14  6  1 45  8 28 11 49
 9 11 11 14  6 30  8 75  5 27  4  9  7  4  3  7 13 24 14 15  2 43 10 58  0 51  1 66 12 12
 5 96  9  4  7 94  0 98  3 58  6 79 13 65 10 96  8 31 11 26 12 60  2  9 14 77  4 13  1 21
14 36  3 34  4 61 12 37  1 43  8 74  5 43 11  4  7  8 13 33  0 92  6 53  2 79 10 39  9 86
10 62 14 58  1 67  8 96  3 18 12 28 11 49  7 61 13 58  2 91  9 65  5 17  6  8  4 25  0 67
 0 98 12  5  8 48 10 45  2 92 13 70  9 58  6 48  7 58 11 51  1 69  3 36 14 62  4 92  5 26
 4 71 12 25 13 81  0 59 11 35  9 89 14 63  1 73  2 43  7 93  8 58  6 74  3 27  5 96 10 84
 3 76 13 71  5 58 14 68  0 42 12 24  1 47  6 54  8 55  2 56  9 92  7 95  4 98 11 98 10 94
 6 78 12 83  8 67  1 60  9 32  5 69  7 24  2 99 14 64  3 40 10 22  4 11 11 59  0  6 13 49
 5 35  6 31 10 94  9 32  0 23  7 63 13 95 11 73  2 41 12 29  8 20 14 61  3 13  4 54  1 20
10 81 12 46  1 27  9 17 11 12  5 97 13 83  0 94  6 97  7 20 14 39  2 54  3 68  8 48  4  2
11 88  7 11  9 56 12 68  8 95  0 74  6  5  2 75  1 67 13 23  4 86 14 82 10 54  5 74  3 19
12 69  0 47 13 39  3 66  8 56 10  7  1 59  4  5 11 96  2 83  5  1  9  9  6 25  7 45 14 21
 5 91  6 22  0 65 10 91 13 28  9 74 14 11  4  2 11 76  3 43  1 70  8 35 12 39  2 64  7  9
 0  7  4 58 11 90  6 28  2 53  7 63 12 91 10 42  3 17  9 97  1 97  5 94  8 84 14 59 13 60
 9 87  1 94  8 64  6 40  7 47 13  7  5 46  3 15  2 49  0 41 10 11 14 96  4 58 11  5 12 41
11 20  1 79  3 50  4 33  8 90  9 90  0 81 10 94  5 76 13 24  2 62 12 56  7 54  6 63 14 93
 7 26 11 84  2 75  1  1 10 73 12 94  0 29  9 10  3 97  4 58  8 52  5 48  6 37 14 11 13 83
 4 73  0 71  6 99  1 77 13 31  3 21  5 43 10  6  9 38 14 37 12 19  2 18 11 23  7 24  8 32
 0 84 12 74  9 78  3 51  7 91  2 54  4 58 13 70 11 53 14 50  8  1  6 20 10 31  1 90  5 54
 8 77  3 31 10 60  0 23  9 78  1  2  5 10  7 34 13 48  6 79  4  5 14 11 12 84  2 38 11 93
 3 80  4 37  0 29 10 25  2 98  5  6  1 12 14 16  6 84 11 10 13 83  8  6  7 19  9 20 12 26
 6 76 11 70  4 67  1 23  2 87 14 95  9 50 12 60  8 40 10 56  7 79 13 55  3 70  5 84  0 67
 2 62  0 41  6 95 10 54 13 20 11 13 14 56 12 95  1 91  8 42  4 15  9 60  5 99  3 88  7 89
11 83  5 14  4 51  6 48  7 63 10 61 12 51 13 52 14 57  8 29  1 16  0 38  9 44  2 23  3 86
 1 77  8 56 14 48 12 31  2 23  0 92 10 89  4  3  7 92  5 48 13 92  3 55 11 17  9 20  6 90
 0 72 14 75  8 73  4 54 11 63  6 87  1 35 13 31  7 94  3 38  9 18  5 38  2 55 10 62 12 88
 2 37 13 21  5 13  8 91 12 12  1 19  7 18 10 99  6 12  4 40  0 62 14 31  3 80 11 15  9 26
 8 29 12 76  5 87 10 31  7 42  1 66  2 28 14 64  6 76  0 79  3 26  4 70 11 70 13 80  9 71
 7 98  5 52 12 46  4 65  1 81  8 74 14 86 11 41 13  1 10 63  0 80  2 93  9 75  3 65  6  6
 7 14  5 92  8 41  9 89  2 37  3 39 14 83 13 60  0 13 12 35  6 15  4 15  1 67 11 39 10 87
 7 72  5 84  6 26  4 23 11  2 13 64  8 18  9 88  0 72 12 53 10 73 14  9  2  7  3 36  1 28
 2 59  9 77 12 40 10 61  0 82  8  2  1 99  7 39 14 68 11 70  5 17 13  7  3 56  4 29  6 25
 7  6 10 26  8 58 13  6  4 43  1 92 14 38  0 82  6 77  5 49 11 98  9 85 12  2  3 91  2 92
 6 17 12 26 13 50  7 82  1 91  2 30  3 24  8 55 11 68  5  5  0 12  9 10  4 35 14 45 10  5
 8 85 13 10 12 19  5 67  6 97  9 66  7 68  1 73  4 17 14 63  2 95 10 41  0 44 11 85  3 73
13 25  8 82 11 64 12 54  7 83  1 59  4 96  6 17  9 90 14 94  0 92  2 11 10 16  3  8  5 59
 0 26  7 20  2 98  3 24 12 47  1 56  9 68  8 60  6  6 10 21  5 65 11 38 13 46 14 78  4 76
 4 64 10 98 14 70 11 73  3 31  8 42  2 51 12 14  0 16  5 36  9 61  7 16  1 36  6 33 13 89
12 87  1 66  8 62 13 42 14 44  6 62  0  3  7 78  3  6  9 49  4 76  2 90  5 63 11 26 10 13
10 83  7  8  5  3  2 12  6 50  1 56 11 61  4 81 13 42 12 19  8 46  3  2  0 42  9 97 14  2
 1 45 11 88 10  9  5  2 13 42  7  1  4 71  0 57  9 13 12 32  8 82  3 39  6 95  2 86 14 52
13 15 14  5  8 43  4 88 10 98  9 15  7 79  1 17  3 56  5  8 11 63 12 17  6 89  0 63  2 27
 2 64 10 92  0 80  6 56  4 39  9 14 13 81  8 61 14 97  5  3  3 44  1 61 12 92  7 84 11 99
 0 13  5 44  9 42  4 56 13 69 12 58  3 99 10  2  7 84 14 61  6 36  1 61  8 55 11 34  2 11
 1 70  6 90  5 65 12 79  0 29  3 40 10 84 13 72  9 21  2 46 14 28 11 96  8  6  7 74  4  3
 5  4 13 72  7 49  1 22 12 49  3 18 10 94  4 72  8 86 11 44  6 34 14 45  0 34  2 57  9 58
 3 47  9 57  0  6 10  5  6 99 11 21  1 26  5 36 13 66 14 31  4 72 12 78  2 66  8 21  7 20
 7 69  8 60  0 73  9 92 13 77  4 72 14 68  1 31  2 16 10 51  6 95 12 39  5 33  3 66 11 71
 3 18 10 98  9 74 11 45 13 42  1  9  4 79 12  3  0  6 14 56  6 54  2 98  7 29  8 16  5 32
 1 46 10 42  5 63  0 99 13 30  3 42  9 22  8 73 12 59  2  3  4 36 14 28  6 18  7 32 11 84
 6 27  2 52 13  6 14 73  0 34 12 47  3  6  8 94  7 81  9 10  1 21 10 55  5 82  4  3 11 88
 4 65 13  7  8 27  6 45  0 13  3 14  5 28 11 32  2 47  1 48  9 61  7 99 14  7 10 76 12 25
13 88 14 29  1 69  8 78  6  4 12 53  3 75 11 91 10 26  4 14  2  2  7 17  9 83  0 60  5 79
 9 29 14 52  7  7  6 27  2 37 12  6 10 56  3 23  0 40 11 16  1 36  5 76  4 83  8 92 13 97
12 77  3 32 13 33  9 70  8  6 11  4  2 40  5 16 14 96  0 51  1 42 10 43  7 30  6  5  4 42
 8 35 11 52  6 55  7 51 10 18  3 96  1 66 13 95 14 53  9 12  2 71  5 52  0 94  4 56 12 70
 5 17 10 96 11 62 14 23 13 74  2 27  6 36  3 53 12 93  1 40  7 50  9 12  4 23  8 96  0 51
 5 99 12 10  9 71 13 50  0 70  2  3  1 87  7 55  3 51  4 75 14 77 10 79  8 69 11 79  6 25
 3 19  7  5 10 26  1 48 12 39  9 71  6 80 11 11  8 18  0 59  4 17 13 61  2 33  5 60 14 18
12 74  3 30  1 81  9  4  6 41 13 48  5 57  4 69  0 36 11 47 10 62 14 24  8 36  7 16  2 77
 3 93  0 35  1 42 11 48  8 84  6 27  4 49  5 74 14  2 13  9 10 45  2 14  7  5  9 54 12 21
 5 62 10 29  8  5  3 84  2 37  4 57  0 92  7  4  1  8  9 45 11 66 14 82  6 27 12 25 13  8
 0 43  2 69  7 39 11 11 12 58 14 75 10 43  8 25  9 18  3 65 13 36  6 41  1 53  5 10  4 66
 2 73 11 11 12  8  7 47  6 38 13 33  4 36  0 85  5 47  8 53 10 10 14 77  1  8  9 35  3 28
 5 18  0 88 13 92 11 37 14 50  6 21  1 32 12 78  9 62  4  8  2 98  7 17  8 31 10 66  3 50
 6 68  0 43  5 18  7 22 14 46  9  1  1 54  4  1 11 99 12 78 10 47  8 97  2 27  3 21 13  1
 1 68  6 70  2 72 10  8 12 63  8 92  9 63  5 40  3 12 11 48 13 50  7 77  4 21  0 83 14 26
12 95 14 95  3  7 10 66  7  7  2  9  4 65  1 93 13 32  5 75  8 20  9 48 11 32  0 27  6 13
13 63  4 62 12 65  9 82  6 63  2 54  5 73 10 94  7 77 11 66  1 23  0 84  3 85  8 86 14 47
 6 62 13 13  1 75  9 93 11 47 14 29  2 75 10 65  8 87  0 47  3 57  4 65  7 29  5 49 12 88
10 45  6 19  5 42  2 97  9 54  4 24 12  6  8 36  0 44 14 78 11 35 13  7  3 52  7 71  1 46
14 58 11 61  1  8  6 68 10 21  0 23  9  9  3 35  5 54  7 12  4 51 12 48  2 38 13 12  8  6
14 86  0 51  9 78 13 15  5 37 10 64  1 13  7 94  2 53  8 87 12 98  6 64 11 10  3 86  4 94
 5 36 10 33  1 95 14 67  0 79  6 36  4 20  3 75  7 27  9 94 12 65  8 29 13 85 11 97  2 70
11 39  6 10  3 67 10  9  9 56  0 55  5  1 12 37  4 76  7 93 13 88 14 16  1 72  8 63  2 10
 4 49  7 63  0 93 11  6  3 17  2 49 10 57 13 29 14 25  9 87  8  6  6 41 12 69  1 54  5 95
 9 64  1 50 14 59  2 35  8 77 13 39  4 16  0 14 12 22  5 31  7 42  6 37  3 86 11 48 10 74
10 91 11 14  4 66 13  7 14 28  1 66 12 96  6 91  0 18  3 63  8 26  9 36  7 43  2 36  5 77
 1 87  4 56 10 80  6 85  7  3  9 62  5 39  2 19 12 58 11 40  3 18 14 79  0 81 13 56  8 42
 2 70 11  4  4 35  0  3  5  7  7 47 10 41  6  5 13 76  8 44  3 70  1  9 14 20 12 52  9 28