20 8 8
0 7 10 3 6 9 7 5 10 1 0 8 5 2 6 4 3 9 6 4 8
7 0 13 0 2 10 3 4 12 5 6 7 2 7 6 5 5 9 6 1 9 1 0 8
2 2 9 1 1 7 0 0 6 6 6 8 3 3 10 7 7 13 2 2 12
0 5 11 1 7 13 4 2 5 5 3 14 4 3 9 3 1 7 2 0 6 2 5 9
6 2 5 7 4 7 4 1 9 0 6 11 2 0 13 4 1 15 6 3 17
1 7 16 3 5 14 5 3 12 1 7 10 3 5 8 0 6 6 3 5 8 6 2 7
7 4 8 6 4 10 5 7 7 0 0 7 4 7 12 1 8 9 3 3 11
4 1 7 2 3 11 3 5 10 1 7 8 0 0 13 3 6 11 7 2 14 6 1 13
5 4 6 2 3 7 0 5 10 2 5 9 1 7 9 5 5 6 7 6 14
6 6 13 7 7 12 0 0 11 3 3 13 1 1 14 2 2 16 2 2 12 4 4 10
2 1 11 7 2 10 6 1 14 4 2 8 0 2 7 4 6 10 3 0 7
1 7 9 6 0 8 2 2 14 5 6 13 3 1 12 6 7 10 4 4 9 0 5 13
0 3 9 0 3 9 1 5 / 3 2 7 6 7 6 7 1 5 0 2 11 5 4 10
3 2 6 1 2 8 0 7 10 7 6 12 6 6 14 1 0 16 5 4 12 1 5 10
1 3 13 3 5 11 5 7 9 7 1 11 6 0 12 2 4 8 4 6 9
0 1 11 2 3 13 7 0 7 6 7 6 5 7 8 3 4 10 4 5 11 1 2 16
6 0 15 4 1 11 0 2 8 2 3 7 4 5 12 1 5 9 5 6 8
1 7 10 3 6 12 2 5 13 1 4 9 2 3 14 3 2 16 5 1 15 7 0 8
1 1 14 3 3 13 6 6 15 7 7 10 5 4 12 4 5 8 1 1 9
0 1 11 2 3 9 1 2 7 5 7 6 7 0 9 6 2 10 0 4 12 3 5 9