20	8
1	10	4	9	8	10	2	8	6	6	5	9	7	8
8	13	1	10	4	12	6	7	3	6	6	9	7	9	2	8
3	9	2	7	1	6	7	8	4	10	8	13	3	12
1	11	2	13	5	5	6	14	5	9	4	7	3	6	3	9
7	5	8	7	5	9	1	11	3	13	5	15	7	17
2	16	4	14	6	12	2	10	4	8	1	6	4	8	7	7
8	8	7	10	6	7	1	7	5	12	2	9	4	11
5	7	3	11	4	10	2	8	1	13	4	11	8	14	7	13
6	6	3	7	1	10	3	92	9	6	6	8	14
7	13	8	12	1	11	4	13	2	14	3	163	12	5	10
3	11	8	10	7	14	5	8	1	7	5	10	4	7
2	9	7	8	3	14	6	13	4	12	7	10	5	9	1	13
1	9	1	9	2	8	4	7	7	6	8	5	1	11	6	10
4	6	2	8	1	10	8	12	7	14	2	16	6	12	2	10
2	13	4	11	6	9	8	11	7	12	3	8	5	9
1	11	3	13	8	7	7	6	6	8	4	10	5	11	2	16
7	15	5	11	1	8	3	7	5	12	2	9	6	8
2	10	4	12	3	13	2	9	3	14	4	16	6	15	8	8
2	14	4	13	7	15	8	10	6	12	6	8	2	9
1	11	3	9	2	7	6	6	8	9	7	10	1	12	4	9
