200 20
 5 92  0 35  4 87 13 40  2 63 19 60  9 11 15 35  3 96 12 35  6  5  1 20 18 42 16  3 10 99 14 27  7 86  8 12 11 98 17 68
13  5  7 36 19 61 11  5  8 69  9 45  1 99 16 48  3 60  4 80  0 32 18 73 12 40 17 76  5 14 10 22  6 39  2  1 15 78 14 95
15 12 19 76 18 10 11 51  3 90  1 87  2 76  6 47  5 24  4 98 10 28  8 71 16 21  7 86 17 92  0 17 14 87 13 10  9 35 12  5
 7 76 13 29  4 74  3 69 15 49 14 89 11 83 17 70  9 95 19 27 12 59 18 51 16 99  6  4  1 43  2  5  5 86  8 13 10 22  0 63
19 42  1 39  7 51 17 63 13 36 16 35  9 88 11 85  6 96  5 30  0 69 12 76  3 20 14 80 10 80  4 87 18 36 15 16  2 71  8 27
10 71  8 99  4 82 16 61 12 20  3 10  7  9 18 97  9  9 11  8 15 65 14 53  5 10 19 44 13  4  0 78  2 69  6 72  1 31 17 29
 8 25 13 88 11 73 18 90 19 91 14  9 12 25  5 24  2 41  6  5  4  7  1 11 10 10  9 25  3 20  0 95  7 19 16 77 15 55 17 26
 6 82 17 58 14 60  7 67 15 24  4 13  9 96 13 64 16 18  5 80 19 65  0 33  3 88  1 51  2 46  8 22 11 23 12  9 10 26 18 23
 1 58  0 58 11 62 10 29 17 32  4 81 12 89 14 92  7 11  5 94 13 59 18 22  3 39  9 35  2  7 19 70 15 50  8 67 16 62  6 27
 6 47  5 40 11 55 17 12 12 89  7  4  2 99 19 36  8 71 16 35  0 51  9 83  4 85 10 67 14 88  3 49 15 74 13 40 18 23  1 13
18 10 13 96  5 46 14  5 11 20 17 56  4 96 10 73  0 86  9 14  3 20 19 56  7  6 16 89  8 72  1 33 12 10  2 98 15 93  6 29
 8 86 18 37 12 93 19 53  7 54 14 48  0 62 15 37  1 57 10 74 17 30 16 50 11  4  9  5  5 28  2 19 13 38  6 67  3 22  4 94
 1 50  7 49 10 25 11 16 17 71 14 16  2 43 12 67 19 35 16 55 15 64 13 31  5 17  3 98  9 37 18 47  6 90  8 63  0  6  4 81
14 62 15 66  4 47  5 64  1 74 18 82  2 61 16 30  0 41  6 63  8 40  7 25 10  4 12 55  3 79 19 84  9 98 17 30 11 49 13 11
 2 25  0 23 19 75  5 61 10 39 11 88 14 44 12 28  4 26 15 29 18 46  6 54  7 24  9 26 13 50  3 19 16 35  1 23 17 15  8 59
 6 50 16 88  9 54 10 86 11 93  3 95  7 25 19 14 15 44  5 96 13  4 12 28  2  3  1  4  4 91 14 28  0 31  8 61 17 95 18 19
 2 26 15 92  4 72 19 19 13 33  0 76 16 29  5 32 14 96  3 88 11 13 17 67 12 59  9 17 10 80  1 22  8 52  6 63 18 63  7 39
 1 58  2 70  6 67 17 82 16 12  7 94  5  1 11 27 19 60 15  5 14 26  9 27  3 75  0 83 18 34  8 90  4 74 13 26 12 87 10 62
 9 53 13 65 17 30  7 20 12 76  0 54  5 41  6 94 19 31  8 13 15 27 11 88  2 41  4 44 14 36 10 94  1 46  3 81 18 38 16 74
 8 41 14 69 18 19  7 14 19 64 16  9  6 26  3 20  1  1  5 86 15 44 10 91  2 75  4 77  0 76 12 37 13  2 17 78 11 95  9 18
 6 60  1 47 14 88  5 72 10 71  3 51  2 46 19 34 16 98 12 95  0 56 13 41 15 36 18 45 17  6 11 82  7 38  9 58  8 93  4 69
 4 42  7 62 13 79 10 87  8 66 16 77 14 37  5 13 19 44  3 15 18 46  1 74 15 19  0 26 12 25  2 98 11 99 17 18  9 30  6 42
15 15 12 43  7 73 17 33 19 91 16 73 10 70  3 37  8 68 18 76  2 92 13 22  9 38 14 67  4 59  6 59  1 85  0 88 11 11  5 91
 2 78  5  7 16 65 11 13  1 94  8 28 14 14 12 47  9 40 15 35  3 71  0 46 13 87  7 84 19  7  4  2 10  2  6 34 17 26 18 29
 6 53  9 93  0 96 14 38 18 83  4 38 12  1  3 40  8 97 10 35  7 91  2 72 17 33  1 29 11  8 19  1 16 66 15 10 13 94  5 13
12 70  1 86  2  9 11 39  6 14  0 46  8 10 16 95  3  6 18 74  5 12 13 87  9 64 17 50 10 10  4 53 15 90 14 70  7  5 19 59
13 16  4 34 17 30  1 30 12 70 11 28  8 78  6 82 10 69 16 60 18 30  3 63 19 51  5 74 15 58 14 94  7 19  2 97  0  7  9 56
15 53 12 56 13 76 14 54  8 42 11 39 19 89 17 29 18 47  3 59  1 55 10 75  7 67  5 64  2 44  9 67 16 53  0 43  4 35  6 99
16 85 15 97  5 47 14 81 10 75 13 81  3 18 19 64  7 71  6 63  2 24  4 26 18 50  1 12 12 87  9 46  0 25 11 45  8 17 17 81
13 24  5 87  2 80 12 91  3 90 14 36 16 63  8 38  6 91 17  6 11 43  1 35  9 23 15 67  0 64 19 19 10 60 18 86  4 32  7 37
 7 65  9 88  4 19 14 82 17  3  6 22 13 58 16 21 15 84 12 67  1 67  3 54 19 69  8 17 10 13  5 62  0  4 18 13 11 83  2 25
 2 40 10 14  6 94 17 89  3 56 16 70  4 96  7 46 11 84  8 65 15 17  5 59 19 89 12 96 14 64  0 94 18 95  9  9 13 36  1 10
 9 25 11  2 19 27  6 29  0 55  5 58 17 21 12 62 14 33 15 33 13 81  8 97 10 32  4 73 16 99  2 82  7 88  3 47 18  1  1 46
 3 56 18  5 17 44  6 29 11 89  4  7  2 38  0  5  9 12 16 80 19 95  5 96 12 93 14 39  8  6  7 79 15 85  1 68 13 43 10 88
 5 75 13 81  9 10 14  4  7 55 15 87 16 79 19  8  8 19  0 71 17 69 11 44  1 10 18 54  2 66  4 62 10 58 12  4  6 23  3 42
19 30  8 80  5 76 14 26  4 24  0 20  6 25 16 68 10 76  1 65  9 72  7 28  2 68 18 70 12  1 15  8 11  2 17 21  3 73 13 96
 4 86  0 19 19 20  8 63 16 60 11 24 13 84 17 96  2 69 10 46 14 36  1 40  6 54 15 18 12 63  5 99  3 58 18 71  9  9  7 95
12 27 13 80  6 72  2 32  1 95 16 37 19 62 10 38  5 20  3 50 11 76  7  9 15 46 14 17 18 85 17 92  8 78  9 88  4 58  0 61
12 55 14  7 15 44  0 54  3 25  4 17 11 51 16 53 17 20  9  1 19 15  5 12  2 95  8 93 18 43  7 81  1 79  6 78 10 59 13 24
10  1  2 81 16 26  5 55 14 63 11 59  6 43  1 84  4 58  0 57  9 81  7 33 18 62 12 27 19  3 13 23  3 90 17 75  8  2 15 60
17 67  0  6  5 38  8 14 13 11  7 67 10 78 12 81  9 87  4 18 11 81 14 96  6 58 18 97  2 69  1 42 19 21 15 52  3 86 16 83
 3 88  0 32  5  2 12 63  7 23  8 11 17 76  1 13 18 81 15 34 11  4 19 19 13 29 16 97 10 65  6  1  2 87  9 23  4 26 14 77
 4 59 10 22  0 19 16 19  6 92  3 77 12 38 18 58  7 12  5 64  2  4 19 16 11 46 17 28 13 34  8 78 14 72 15 48  1 85  9  6
 9 64 12 10  7 40 15 25 14 22 10 98  4 66  8 43 16 16  1 54 19 72  0 27  2 52 18 68  5 28 11 74 17 49  3  2  6 59 13 31
13 11  0 16 18 69 10 96 16 28 11 84  6 90  2 10  1 35 12 54  7 39  4 59 14  3 19 26 15 32  8 74  3 84 17 54  9  7  5 79
10  3  8 30 16  4  6 75  5 68  1 30  0 67 19 52  4 94  2 42 17 70  7 74 18 18 14 23 12 71  9 48 11 78  3 87 15 26 13 31
 8 77  0 20  1 53 13 17 14 98 18 74 19  3 17 56 12 41 11 97  3 13 15 40  5 74  9 32 16 40  6 16  2 33  4  7 10 66  7 47
14  2  4 94 13 40  8 13 16 43 18 26 19 61  1 33  9 64 12 16  2 90 17 42 15 70  7 87  5 16  0 38 11 80  6 99 10 92  3 72
 1  5  6 23 10  4 14 97  5 99 15 58  2 54 16 84  8 96  4 35  3 96  0 50 12 71  7 15 17 15 19 91 18  3 13 15  9 99 11 87
 1 32 16  6  9 71  2 39 13  8  5 72  6 61  4  4  7 78 11 35  0 66  3  6 12 75  8 67 14 32 17 39 18 32 10 35 19 96 15 17
18 48  0 61 19 83  5  4  8 90 12 32 10  2  2 76  4 21 13 61  3 70  1 15 15 21  6  4  9 16 17 45  7 81 11 99 16 47 14 41
12 73  2 47 11 68 13 61  5 23  1 19 19 79  9 20 15  8 14 98  6 50 17 97  3 37  0 12 18 24 16 37  4 60  8 65  7 10 10 58
10 54 14 37  3 47  4  4  2 55 15 34  6 38 11 87 16 81  1 82 18  8 13 88 19 38  5 53 17 28 12 55  7 97  0 69  8 64  9 77
 7 37 12 96  8 52 10 76 11 68  2 57  4 39  9 70 17  6 18  2  0 70 19 20 16 20  3 29 13 48  6  6 14 28  1 62  5 64 15 26
15 84 17 58 18 88 12 98  9 10 10 22  4  6  0 19 16 16  3 72  2 88  5 43 14 72 11 67 13 19 19  6  6 37  1 20  8 74  7 96
15 19 12 44  4 53  2  9  1 15 16  3  8 11  0  3 10 90  3  9 17 33 14 11 11 42  9 93 13 34  6 29 19 15  7 79 18 28  5 70
12 54  9 64  2 53  1 69 16 33  0 53 19 46  7 56  6  3 18 30 14 70 10 44  4 38 11 91  8 75 15 76  3 92 17  3  5 72 13 26
 5 62  7 25 18 95  3 44 10 48  8 39 15 22 16 29  4 71 17 32 12  1  0 66 19 98  2  8 13 51  1 78  9 61 11 37  6 36 14 37
19 85  9 34  8 50 18  4 13 59 17 16  4 50  3 53  0 36 15  9  5 75 10 62  7 51 16 40 11 15  6 42  1 58  2  7 14 74 12 32
11 54 12 34 14 24 15 51 13 74 10 69 17 16  7 69 18 95 16 41  3 83 19 70  9 16  8 92  6 97  2 91  0 32  1 80  5 70  4 19
 9 58  7 60 18 88  5 56  3 64 17 45  6 39  1 50 12 96 19  6  4  5  8 73 10 91  0 42 15 87 14 28  2 57 13 48 16 61 11 38
17 48 13 90 15 21 19 43  3 77  6 16 16 33  7 87 14  4 11 39  1 11 10 51  0 32  2 46 18 31  5 62  9 60  4 52  8 98 12 29
16 15  1 29  6 59  2 29 11 18 18 94 13 38  7 76  3 84 17 42 14 25  8 52  0 37  5 19  4 28 19 41 12 57 15 41 10 43  9 62
10 12  3 27  2 91 13 20 11 11 17 18  6 16 12 41  5 34 15 29  8 79  4 27 18 42 16 59  1 46  9 78 14 60  0 38 19 53  7 66
15 79 19  5  1  7 11 18  6 71 17 23 18 30 10 62  5 43  3 22  8 75 12 94  4 33  2 98 16 74 13 65  0 63 14 88  7  4  9 14
 1 12  6 69  5 36 17 39  2  8  3 84 15 39 19 53 10 79 12 58  0 56  7 24 11 29 18 55 14 87 16  6  9 53 13 36  8  3  4 28
 3 27  6 16  9 28 10 90 14  6 19 37 15 82 11 24  5 94 13 88  8 74  1 57  7 35  2 48  0 95 12 81 18 25  4 66 17 74 16 42
10 88 19 98 14 74  0 56  9  5 18 50  7 88  5 86 12 88  8 81  3 87 11 32 13 22  6 77  1 92 17  9  4  9  2 60 15 99 16  1
18 48  4 88  6 40 16 66  9 15  5 82 17 30 12 83  3 40 15 94  1 19 14 80 11 41 13 36  8 70  0 78  7 61 19 88 10 52  2 64
 0 37 17 25  2 30  6 57  9 91 19 73  5 94 12 32 13 87  8 25  1 27 11  3  4 93 15 97  3 31 14 86  7 34 18 69 16 68 10 18
16 19  6 22 19 28  5  3  3 27 12 30 14 74  4 69  7 78  2 30 13 44 10  2 17  5 11 92  9 58 15 92  1 28 18 23  0 87  8  2
 0 54 17 91  8 61  3 78  7 59 13 62  5 59 18  5  4 95  9 36  6 67 15 77 10 93 14 69  2 81 11 53  1 19 16 79 19 71 12 81
11 72  1 21  7 34 14 83 12 25 17 53 16 74 19 35 13 49  4 99 18 43  8 93 10 99  2 79  3 31  5 79  9 83  6 81 15 81  0 39
10 56 14 91 17 76  3 56 11 14 19 71 16  9  9 33  1 92  2 20 18 44 12 36  4  8 15 32  0 31  6 83 13 70  8 96  5 58  7  5
 1 22 14 55  5 85  4 51 11 16  9 68 12 40 13 67 10 64  6 29  7 53  3 71 15  1 16 60  2 26  8 82  0  6 18 65 17 69 19 61
12 15 13 70 17 79 14 31 10 60 16 28  5  3  9 17  3 43 19 88  7 52 11 30 15 63  0 88 18  9  2 27  1 51  6 26  4  1  8 34
 5 78 18 82 12 70  7 24 15 78 10 12  6 77  4 71 13 10 11 19 17 19 16 48  1 59  9  8 19 23  8 81 14 84  3 40  0 40  2  4
10 34  1 75  5 36  3  9 18 27 17  6 16  5  0 59 14 54  8 57  4 92  2 90 12  8  9 86 11 19  7 88 19 49  6 71 13 92 15 81
 1 27 10 10 16 86  7 81  3 97  0 47  4 46  9 64  2 23 17 20 18 81 13 67  8 72 11 73 14 25 15 29  5  5 12 58  6 73 19  2
15 42 18 59 13 78  0 82  7  9 12 53  3 11  1 95  6 75 14 73 11  3  2 85 17 46 10 45 16 30  8 97  9 38  4 26  5 89 19 44
 8 30 16 90 13 13 12 13  3 26 14 79  2 93  6 52 11 12  0 49  1 72 19 71  9  3 10 16 17 37  5  9  4 58 15 74 18 30  7 58
 7 87  0 51 10 70  4 10  1 40 11  2  8 89  5 16  9 10 14 94  3 91 16 81 17 14  2 34 12 89  6 30 19 41 15 11 18 58 13 94
 6 38 15 84 13 55 14  3 10 35 18 66 19 97  4 24  1 34 17 43  2 23  3 11 11 99 12 64  7  5  8 94  9 75  0 39 16 22  5 65
 0 96  8 38  3 24  5 37  9 78 15 30 16 58  6 49  4 44 19 69 17 48 18  7 14 95  1 73 13 25 12 93 11 54 10 14  2 31  7 88
 5  1 12 18  4 59  1 76  3 99 18 14 17 20 15 11 19  2 16 72  2 18  7 17 10 93 11 89  9 15  8 75 14 47  6 66  0 81 13 95
 3 44 14  6 19 42 11 58 15 79 17 75  0 12 12 57  5 50  4 74 13 78 10 45  6  9 16 81  7 51  1 83  9 84  2 88  8 25 18 23
 7 64 10 18 15 76  8 89  9 35 12 98 17 55 18 60 13 75 11 16 14  2 19 30  6 23  3 19 16  5  2 96  0 31  5 31  1 91  4 22
 9 58  3 17  8 21  2 98 11 70  0 25 15 58  7 35 18 21  5 77  1 68 16 58 14 34 13 64  4 16 12 72  6 26 17 25 19 93 10 42
 4 25 12 29 19 99  2 63  9 41  6 65  1  4  0 41 13 60 14 13  7 29  3 75 16 42 11 83 17 81 15 17 18 48  8 98 10 79  5 47
 9 45 14 77 16 19 10 23  2 67  4 95  6 28  3 13 12 77  1 14 19 93 18 35  5 22  7 96  0 23 17 18  8 29 13 99 15 77 11 98
12 11 10 40  8 52  5 44  0 20  9 20 19 25 15 26  3 32 17 64  2  4  7  5 14 28 13 40 11 54 16 41  1 39  4 11  6 86 18 80
16 13 18 99  8 28  4  1 12  7  1 50 10 34 14 68 19 97  5 52  2 57  9 49 11 23 13 19  3 96  6 76  0 57  7 95 15 96 17 52
 6 77  5 85 16 23  1 38 15 93 10 20 19 51  0 36  9 53  4 78 11 79 12 94  8 63 17 32 14 69  7 14 18 92 13 29  3 47  2 98
 0 64  9 97 13 27 15 94 10 81 17 60  3 43  7 32 16 33 18 38 19 21  2 21 12 20 14 56  1 85  4 77  8 24  5 61  6 91 11 77
 0 88 11 26  4 70 12 55  7 82  8 14 17 68 16 87  2 11  5 54  6 23 13 34 18 13  1 83 19 55 14  2  9 86  3 92 15 25 10 50
 2 73 15 72 16 88  0 85 19 46 11 70  8 85  9 70 14 32  1 19  5  6 10 49 12 91 17 83 18  7  4  7  6 32 13 27  7 33  3 75
13 52 19 77 16 72  8 86  1 86  7 10 10 97  0 81  2 79 15 76  3 38 17 64 11 75 18 40  9 32 14 87  5 69  6 62 12 59  4 55
15 90 18 72  6 24 13 92  4 65  3 13  8 46  0 47 16 45 11 48 14 90 17 87  1 78  9 12  7 54 10 44 12 50  5 68 19 96  2 68
14 38 18 41  2 37 11 54  4 80 15 55 16 28  7 47 17 11  0  4  3 36 10 45 12 80 13 24  5 14  8 86  6 60  9 51  1 64 19 85
10 46 16 73  0 48 12 18 18 45  7 96 11 28 14 53 13 40  9 43  4 45  1 23  6 38 15 19  2  2 19 19  5 50 17 90  3 51  8 35
10 71 11 40 19 31  1 29  8 74  5 36 12 31  9 58 14 78  3  3  4 91 13 42 16 20  0 32  7 29 17 52  6 95  2 87 15 47 18 98
14 92  3 66  8  2  7 82 17 34 18 17 12 99 15 75 16 56 13 27  2  6 19 49  6 81 11 82  1 95 10 20  9 83  0 18  5  4  4 38
 2 56  1 14  7 78  4 85  3  2 15 95  6  7 16 36  8 81  9 87 14 10  5 26 19 32 10 68 13 63 17 56 11 37  0  4 18 21 12 61
19 45  5 42  0 85 13 48  4 43 11 48  7 42 12 67 17 64  9 22 14 17  3 79  6 75 18 28  2 20 16  6  1 65  8 38 10 56 15 68
 2 24  6 68 19 22 16 81 17 81  9  4  7 87 11 91 15 83  3 77  8 76  0 56  4 32 13 30 14 87  1 42 10 95  5 78 18 67 12 69
18 59  1 25  4 49 16 40  0 47  2 24  8 83 19 88 12 13  7 90 10 44  9 10  6 82  3 53 17 36 14 42 13 12  5 59 15 90 11 79
 1  8 15 24  8 39 18 97  5 16 14 70 17 93  9 86  3 24  4 37 16 41 11 18  2 85  0 11 13 85 10 11  7 24 12 58  6 73 19 91
 4 36 11 58  9 51  2 41 19 48  0 51 12 93  6  8  5 60 16  5  1 68  3 86 17 53 15 16 13 21 10 14 14 90  7 53  8 94 18 59
 6 53 14 17 11 41 17 74  9 91  1  6 15 76 10 35 12 80  7  2  3 58 16 25  8  9  4 83 18 76 13 14  5 25  2 55  0 59 19 36
18 81  1 63  4 46  0  2  9 71  5 36  2 80 16 49  3 25 14 91 11 37 13 15 12 13  8 88 10 14 17 96 15 76 19 69  7 36  6 83
 5 46  0 85  2 32 13 24  1 63  3 60 14 41  6 27 10 52 19 49  9 20 12 25  4 65 18 35  8 10  7 74 11 95 16 28 15  2 17 72
16 12 10 97  3 45 19 42 12 77 11 83 18 33  7 75  0  8 15 25  2 74 17 35  4 23  5 95  9 24 13 63  6 59  1 68  8 25 14 75
17 37  2 65 16 22 19 29 10  6 11 21 14 42  0 62 15 88  7 47  6 63  3 67 12 38 13 75  4  2  9 85  8 15  1 96  5 44 18  1
11 33  6 35 19 65  5 35  9 98 18 99 17 79 12 47  0 52  7 78  1 34 10 20  4 84 14 25  8 29 16 94 15 13  3 41  2  1 13 48
 0  6  1 30 15 21  9 41  5 37  8 68 16 62 12 26 13 55 11 89  2 72 10 22 17 68  4 93  6 48  3 76 19 65  7 30 18 26 14 27
 5 10  0 76  6 28 14 12 11 47  7 42  1  2 19 66 10 76  2 22  8 12 17 33  3 55 13 87 12 58  9  2 18 35 16 81  4 21 15 33
12 57  8 68  1 68  4 38  5 49 16 36  7 24 10 84  6 27  0 79 19 61 18  9 17 87 15 38 13 88 11 17  3 13  9 36  2 25 14 71
 3  5 14 28  5 67 11 50 15 91  1 61  8 75 18 66  7 31  0 80 19 18 12 74 16  3  2 58 13 71  6 14  4 68  9 63 17 20 10 18
14 45 19 78  1  6  8 75 11 80  3  4 16 28 17 87  5 32 13 10  4 99  6 79  7 76 18 14 12 57  2 26 10 59 15 13  0 65  9 92
 3 76 17 54  4 72 14 16 16 29  6 65  9 78 18 39  0 83 13  9 11  3 15 64  5 16 19 89 12 82  7 32  1 55  8  5 10  3  2  4
12 84 19  6 16 23 18 98 10 56 11 27  9 98 17 39 15 44  0  6  2 84  8 88  1 45 14 82  3 71  7 46  6 49  5 80 13 30  4 56
18 90 12 94  3 94 19 90  1 67 15 29 11  9 14 15  9 74  4 66  8 80  0 73  6 25 17 23  2 58 10 21 13 97 16 17  7 46  5 48
17 64 13 99  1 18  6 76 15 23  3 90  8  3  0 79 10 76 12 71 14  3  7 35 16 34  4 46  9 50  5 41 11 97  2 64 19 78 18 47
 6 50  5 85 11 83 19 99 15 11 10 45  2 25 18 55  1 66  9 93 16 22  3 40  8 62 12 64 17 40  4 78  7 96  0 48 14 45 13 51
16 52 18 53 19 48 17 57  9 48  2 80 12 57  4  8 11 86  5 82 14 39 10 31  3 23  0 97 15 48  8 36 13 79  1 44  7 33  6 12
 5 12 18 28  0 64  2 28 10 82  8 73 13 78 16 52 11 35 15 88 12 65 19 50 17 76  4 74 14 24  6  6  3 46  7 31  1 80  9 66
13 91  5 32  0 80 18 58  7 42  6 18 11 47  1 57 16 85 10 97  4 22  9 76 17 40  2 50 19 23  8 54 15 74 14 67  3  9 12 78
12  5  6  9 18 50  9 98  4 34  1 40 19 41 11 79  8 28 15 11 16  8  7 88  2 19 13 69  5 24  3 81 14 53 17 90 10 43  0 68
 2  7  3 76 12 50  7 67  6 91  9 73 11 91  5  4 17 66 16 41  8 29 15 27  4 46 13  6 18 70  0 38 14 28 10 60  1 59 19 71
18 52  8 41 12 61  2 94 11 75 17 27  7 36  9 24 13  4  0 86  4 15  6 50  5 47 10  8 15  2  1 56  3 13 19 47 14 30 16 74
14 29  1 61 16  8 19 60 17 16 18 34  4 35  3 56 13  3 15 39  6 40  0 15 11 45  9 93 10 43  2 68  5 10 12 21  7 96  8 64
10 59  2 75 16 34  9 75 14 81 15 24  5 42 17 32  7 22  8 25  3 89 12 29  1 48 19 97 13 62  0  7  4 78  6 29 11 33 18 76
11 97  6 35 12 57  4 42  5 95 10  1 14 94  1  4  8 52 16 24 17 88  3 40  0 51 13 37  7 17  9 20 19 36  2 76 18 25 15 44
10 74  9 85  4 64 19 24  8 22 11 22 14 11 13 46  0 70  7 13  5 30  2  9 18 85  6 97 15 67 12 49  1 15 16 66 17 55  3 32
 4 82  3 64 16 54 14 41  0 72 11 79 15  5 10 14 12 18 17  7  9 11 18 62  8 37 19 26  5 38  7 31  1 85  6 75 13 53  2 33
11 72  8 26  0 70 18 65 17 39 13 40  9 96  2 15 10 46 19 87 14 86  3  8  1  6 16 12 15 11  5  5  7 90  6 17  4 83 12 40
14 23  2 91 10 64 11  6 12 31  8 17 19 34  4 23  6 65  7  2  9 55  3 28 17 36  1 78 16 36 15  4  5 42  0  6 18 15 13 38
 4 82  6 39 15 52 11 14  3 57  9 36  0 33  1 68 13 41 19 97 18 86  7 53 16 98 12 41  8 60 14 53  2 78  5 13 17 36 10 86
16 34  3 71  7 48 13 89  0 63 11 75 19 14 14 84  9 77  6 99  5 49 15 49 10 20 17 34 12 19  4  5 18 94  1 42  2 46  8 31
15 26  7 25  1 53 17 30 18 66 14  8 19 19 16 77  6 47  9 12  8 63 11 12  3 71  0 96  2 35 12  3 10 22  4 32 13 76  5 83
 9 64 13 40 11 19 10 96  8 67 15 94 18 48  5 94  2 23  7 47  4 27 14 47 17 78  0 60 16 58 19  5  6  1  1 90  3 81 12 75
 5 64 11 77 16 73  6 15 18 60  3 20  4 88 14 95 15 80 17 51  0 34  7 61 19 13 13 70  1 52 10 13  2 19  8 70 12 79  9 36
10 89  0 83 11 50  5 94 13 70  2 97  1 25  7 25 15 21  8 87 12 11 18 71  4  7  3 99 16 98 14 45  9 42 17  8  6 92 19 61
19 44  8 67 10 20 13 90 14 34  0 17  9 98  4 61  6  5  3 87 11 64  1 62 18 48 12 18  5 70  2 52 15 79 17 41 16 86  7  6
16 26 14 74  7 22 17 11  8 98 18 30 13 74  0 60 12  4  5 40 19 32  6 91  1 55  4 76 10  2  2 37  3 56  9 17 11 66 15  7
 5 81  0 27 16 11  3 98  9 54 11 85 12 35  2 95  8 57 19 88  1 29 17 98 18 59 13  3 10 90  7 27  4 57 14  6 15 81  6 52
11 75 10 13  7 93 19 86  6 52  9 87  2 44  0 50 16 93  3 75 13 49 17 88  4 62  1 91  8 29 15 94  5 72 18 92 14 30 12 72
13 11  6 39  4 84 15 56 16 25  1 55 19 59  7 97 10 29 18 83  3 95  9 50  0 81 11 30 12 43  2  1 17 94  8 46  5 26 14 62
13 11 18 28  3 16  9 60  1 99  2 21 17 92  5 99 14 67 19 24  6 85 10 65 16 67  8 17 11 32  4 89 12 98  7 16 15 16  0 94
18 98  9 53  2 47 13 37 10 23  1 45  8 53  5 13 12 25 16 48 19 74  0 95  3 47 11 11  4 98  7 86 15 71 17 42 14 88  6 33
 2 76  7  3 14 84 19 13 17 49  3 53  8 32 11 86 12 88 18 28 10 50  6 37  0 30 15 86 13 45  9 80  5 21  4 26  1 35 16 68
12 12 10 49 19 22 15 63  9 74  5 86 13  7  4 67  8  4  7 55 17 36 16 54  3 93  1 72 18 84 14  8  6 20 11  7  2 84  0 38
 4 51 12 71  5 86 18 47 17 53 19 38  7 33  8 34  1 72  3 61 11 27 16  5 15 62 10 84 14 19  9 12  0 37 13 65  2 31  6 70
10 80  1 25  5 11  3 24 19 51 15 72 16 51 12 76 11 82 17 61  9 74  6 10  2 63  4 14  7 82 14 23  0 20 13 38  8 83 18 86
 5 99 14 90  6 15  4 79  9 84 18 12 19 47 13 82 17 81 12 58  2  6  0 21  7 15 10 33  3 80  1 66  8 44 15 17 11 24 16 13
 2 70  4 19  9 87  7 53 12 94  1 39  8 38 10 33  5 41 13 52 19 61 18 50  6  5 15 75  3 49 14 69 11 59 16 79 17 16  0 60
18 90 13 31 19 24  3 21  8 97  6 98  2 17  5 28 12 34 16 61  7 75 11 39 10  7  1 23  9  4  4 47 17 26 15 65 14 12  0 50
 3 36 18 46  5 53  4 12  8 75 15 61  0 51 11 93 19 62 12 56 10 70  7 54  1 26 13 34  6 34 17 38 16 15  2 37 14 92  9  3
 5 10  9 86 16 72 15 47  2 58  4 52  1 69 17 75 19 13 11 98  6 40 14 77  0 35  7 21 18 71  3 41 12 94 13 78  8 47 10 34
 2 44  4 86 16  4  1 69  8 13 15  5 13  7  5 55  0 74  6 61 11 28 19 15  9 69 18 32 12 53 17 28  7 81 14 97 10  8  3 98
 5 59  9 20 11 77 12 68  0 49 16 67 18 50 17 28  4 26  2 85 10 30  1 51  7 78 19 38 15 48 13 66 14  1  3 78  8 19  6 59
19 79  2 97 15 67  5 10 11 36  6 82  3 44 17 77  7 44  4 99  8 55  9 57 10 64 12 54  1 12 13 42 18  4 16 29 14 28  0 63
16  3 17 49 13 86  9 61  7 74  5 54 11 20  1 27 12  5  4 86  0 65  8 66  3 60  2 48 19 51 18 19 10 78 14 58  6 18 15 54
18 60  2 79  0 54 11 21 12  1 14  4 13 56 19 42  6  8  9 32  5 30 17  3 15 46  8 55  3 46  7 83  1 61 16 69  4 57 10 13
 0 46 16  7  6 31 17 42 10 98  5 55  3 78  9 77 11 82  2 37  8  3  7 75  1 54  4 35 14 67 18 33 15 38 13 11 12  6 19 79
12 95 13 40  3 32  4 56 16 79  1 40 19 42  7 73  2 52 14 91  6 31  8 53 15 18  9 82 11 29  0 20 18 57  5 49 10 47 17 36
14  6  8 15 19 94  7 93  0 55  4 85  5 42  1 47  2 35 17 26 16 31  3  1 10 78 15 81  6 46 13 92 12 93 11  2 18 28  9 68
15 17 13 93  7 75 16  6  9 18  0 43 10 64  6 91  3 94  4 39  8 40 17 48  1  8 14 37  5 91 19 30 11 74  2 37 12 83 18 13
12 47  1 36  2 80 10 38 11 42  5 31  4 99  9 12 14 36  0  8  6 81  7 26 16 21 18 48 17 14 15 63 19 97 13  7  8 41  3 64
 1 37  2 39  8 21 12 20 11 18  6  3  5 92 19 54 16  8 18 27 14 50  4 98  7 84 13 80 17 12  0 25 10 53 15 67  9 49  3  5
 9 31 10 25 16 10  1 10  5 51  6 26 17 86 11 64 12  9  4  8 18 29  0 40 15  7 14  6 19 83 13 16  8 43  7 87  2 23  3 40
 7  7 11 18 14 63  1  6 16 49  4 29 10 27 12  1 19 16  6 53  3 41 17 24 15 38  2 47 18 78  9 87 13 74  0 76  5 18  8 45
 2 80 14 57  9 87  3 94 13 87 10 15  5 30 15 95 16 82 18 53 11 31 12 98  7 54  6 36  8 59  4 21  1 37  0 11 19 72 17 57
17 50  6 28 14 88 19 43 10 31  8 49  1 59 13 69  9  5  0 11  2 32 12 90  4 47 16 35 15 79  7 35 18 71  5 86 11  9  3 32
 2 72 14 10  7 58  6 10  1 54  4 59 16 61  3 72 13 99 10 95 18 90  9 24 11 89 15 24 19 92 17 93  8 92 12 52  0 68  5 83
 1 44  9 68  4 87  3 36  5 55 13 65 19 35 11 13  6 83 10 92  2 24  8 72 16 52 12 97 18 45 14 88  7 26 15 44 17 39  0  6
13 70 14  5 12 68 18 90  8 13  9 14  3 74 17 28  4 19  5 14 15 53 16 54  1  7  2 90 10 62 19 12  7 75  6 62  0 88 11 94
 9 72  1 47  7 40  3 66  0 61 10 16 12 85  6 77 13 74 18 93  4 22  8 40 16 80 11 10  2 34 15  4 19 52  5 53 17 50 14 26
 8 64 19 48  7 48  3 55  2 25 17 69  0 50 14 17  1 24  9 57 13 56  4 31 12 12 15 10  6 22  5 18 10 12 18 81 16 98 11 89
16 39 10 34 18 70 13 37 12 51 15 89 19 98  5 91  8 69 14 95 17 87  2 15  1 61  6 15  9 32  7 61  3 49 11 95  4 95  0 67
10 81  3 73  9 34  6 14  0 76  7 14  1 72 15  5  8 56  5 56 12 22 19 99  4 97  2 60 18 72 11 60 13 59 14 68 16 54 17 58
18 95  6 96  9 48 19 67 10  5  4 32 17 47  0 10  8 52 13 13  7 80 14 28  1  2  3 91 15 75 16 93  2  3  5 49 12  4 11 15
 9 59  7 83 12 39 10 99 15 54 19 96  3 95  6 79  4 97 17 70  0 62 16 61  1 36 13 45  8 30 14 17  5 16 11 36  2 74 18 46
 9  7 19  3  4 87  8  3 17 11  0 82 15 40  7 43 12  8 11 89  1 56 10 82  2 64  5 53 16 39 14 31  6 11 13 10 18 69  3 66
19 93 16 37  7 84  6  9  8 66 10 27  2 91 18 86 11 39  4 14 13 56  0 96  1 85 17 75  5 48  9 60 14 21  3 58 12 42 15 97
10  4  5 96  8 29  3 98 19 34 11 71 15 73 14 72 13 29  4 49  6 79 17 85  7 57  0 84 18 66 12 10  9 40  2 72 16 18  1  2
17 28  4 20  0 44 13 16 14 75  7 84 18 19 19 51 15 71 16 96  8 13  5 76 10 69 11  2  1 75 12 98  9 19  6 47  2 94  3 10
 5 46 12 91  1 89 16 13  6 10 14 27 19 81 18 64 13 47 17 60  4 46 10 25  3 50  2 26  7 89  9 29  0 62 11 71  8  4 15  7
 6 28 13 58  0 42 15 93 11 26 16 71  1 49 17 61 19 70 18 15 10 25  5 67  8 35  3 90  9 68 14 61  4 56  2 82  7 21 12 28
 7 97  5 91  1 91 18 93 10 26 13 59 15 44  0 61 17 78 19 21 12 39 16 15 11 93  4 42 14 65  9 29  8 67  2 60  3 85  6 63
14 78  4 91 18 30  6 16  0 92  8 33 16 83  7 12  5 42 19 60 15  8 12 56  9 63 17  3 10 22 11 98  3 88  1 77 13 12  2 36
 4  2 16 97 13 73 11  1  6 42  5 71 15 39 12 62  0 50  3 78  8 82 10 39  1 50  2 77 14  8 17 46  7 95  9 97 19 54 18 63
 6 47  2 70  0  8  7 54  3 65 14 88  8 74 11 90  9 54 13 96 16 69 15 51 12 48 10 59 18 29  5 26 17 29  1 59 19 32  4 83
19  4 17  7  7 77 10 70  0 16  4 76  5 76 16 12 18 96 13 21 15  7  3 59 11 84  8 52  2 35  1 40  9 22  6 48 12 84 14 98
 7 94  4 52  6 45 17 76  3 66  8 18  2 67 18 58  5 97 10 72 11 35 15 63 12 43  1 55 13 47  9 88 14 55  0 21 16 16 19 56
11 61 19 52 12 84 15 35  0 25  7 36 16 77  5 76  6 99  2 18  3 28  8 82 18 39  9 72 10 63  1  1 14 29  4  9 13 49 17 27
18 92  3 49 14 60 11 51  8 28 13 45  2 42 17  9 16 44  7 51 12 54  0 30  4 44 15 31  9  3  1 65 10 37  5 42 19 42  6 96
 1 67  6 89 10  9  4 28 13 79 18 80  8 91  0 25 12 37 16 44  9 10 11 54 17 14  2 44 15 23  7 99 14 40  5 23 19 92  3 45
10 82  2 91  9 19  7 26  1 72  8 25 11 63 17 87 13 46  5 34  4  5 15 94 12 53  0 92  6 44 16 19  3 44 19 16 14 93 18 21
13 50 16 25  7 72  4 48  3  6  6 17  8  4 19 23 15 94  1 17 10 34 18 34 11 76 12 51  0 55  9 26 17 90  5  5 14 66  2 23