200 15
13 34  3 69 14 86 10 92  9 57 12 26 11 39  4 19  1  8  8 78  2 52  7 81  6 20  5 90  0 70
 9 91  1 33 11 56 12 45 13 70 10 98  7 90 14 24  6 71  5 94  2 91  8 99  0  4  4 48  3 57
 4  6 14 39 13 77  0 88  9 14  3 84  8 18  2 81  7 24  5  6  1 91 10 21  6 82 12 98 11 89
 6 30  0 50  8 34 14 78  9 66  2 82 12 87  7  8 11 24  5 11  1 89  4 83  3 58 13 66 10 25
 3 66  5 48 14 51  9 24 11 49  7 83  0 10 12 70  1 56  6 48  8 32 13 81  2 57  4 20 10 56
12 33  9  3  8 12  7 25 13 56  3 81 14 89 10 82  6 96  2 53  5 30 11 29  1 74  0 49  4  2
 7 22  4 76  0 29  8 70 12 23  1 40 10 23  5 11  9 90 13 20  6 26  2 41 11 47 14  5  3  5
10  8  2 99 13 14  8 13 14 37  1 28 12 22  9 38  5 61  6 78  4  3  7 22 11 62  3 96  0  7
 0  1 14  5 13 68  3 73 12 60  8 55  2 67  1 56  5 10  4 75 10 14  6 74 11 97  7 47  9 44
 3 84  7 42  4 68  2 18  5 29 12 33 11 73 14 12 13 64 10 38  6 11  0 58  1 46  9 84  8 61
 3 37  4 98  7 11  5 31  9 39  8 30 12 10 14 96  1 91 13 12  0 51 10 99 11 71  6 66  2 54
 5 24  8 19  4 86  7  6 12 68  2 51 13 93 10 39  3 76 11 77  9 75 14 92  1 94  0 51  6 53
10 62  6 30  8  6 12 31  7 44  2 30  0 18  9 46 13 63  3 39 11 16  1 11  4  8 14 94  5 32
 3 26  7 46 10 48 11 33  0 72 13 76  4 32 12 19  5 75 14 89  1 33  6 11  8  7  2 66  9 96
 0 76  8 59  4 53 12 80 11 48 10 10 13 21  2 65  3 76 14 12  7 11  9 86  5 12  1 15  6 79
13 48 10 46 11 37  9 74 14 55  8 69  5  1  2 60  6 91  7 24  0 19 12 86  4 57  3 39  1 42
 5 88  3 72  1 51  7 15 12 33 11 36  9 72  0 89  6 78  8 62  4 69 14  7  2 48 13 24 10 30
12 10  3 11 14 29 13  9  8 98  2 90  9 34 10 69  1  4  0 47  5 31 11 76  4 87  7 17  6 77
 0 97  9 85  3 79  2 53  8 39  5 93  7 63 12 96  1 55 10 38 13 97 11 21  6 82  4 76 14 19
12 44  1 80  6 53 13 96  9 33  8 41 14 24  4 88  3 44 11 50  5  5  2 81 10 10  7 58  0 26
 8 12  7 19  5 56 10 19  9 83  2 40  3 53 12 98 11 79  1 68  0 72 14 91 13 89  4 17  6 10
12 68  9 48  7 12  5 62  2 33  4 30  0 16  3 43  8  5  1 76 13 10 10 71 11 29 14 12  6 13
 6 43  8 31  7 20 11 88  4 91  2 56  9 64  0 90 10  3 13 93  5 49 12 86 14 81  1 37  3 98
12 44  4 98  3 19  6 30 13 62  1 93 11 38  0 54  7 51  5 31  8 35 14 55  2 44 10 16  9 43
14 10  8 96  9 59  7  1  5  7 11 59  6 24  1 61  0 99 10 45  4 43 12 71  2 95 13 36  3 89
 8 12  7 72  9 99  2 51  0 41  5 96 11 49 13  4  3 19 10 34  1 77 14 47  4 94 12 10  6 23
 0 70 12 35  3 48  4 69  7 90  9 68 10 74 14 63  8 60  6  2  1 52 13 98  5 94  2 26 11 80
 9 68 13 82  1 37  8 26  0  9  5 12  2 61  3 67 12 64  7 32 14 38  4 64 10 47 11 44  6 62
 9 50  2 49  4  7 12 29  8 16  3 94 10 23 11 48 14 64  5 64  6  3  1 87 13 40  7 71  0 55
10 79  9 48  1 22  4 22  3  6  0 32 12 62 14 40  8 97  7 75  5 74 11 79  6  1 13 16  2 74
 0 69  9 26 10 14 11 66  5 16  2 78  4  2  8 18  3 31  1 88  7 26 14 40 13 71 12 89  6 24
12 33 14 89  6 57  4 27  8 53 11 61  1  1  3 50  0 33 10 22  9 81  2 51  5 72  7 51 13 59
 5 47 10 55  3 41 13 74  1  9 14 39  4 32  0 58  7 46  2 77  8 36  6 17 12 96  9 42 11 51
10 64  5 48  9 14  2 89 14 71 12  9 11  9  8 10  1 76  0 53  4 74  6  2  7 49  3 41 13 40
12 52  2 73  5 14 10 11  3 38  4 68  1 97  0 95  9 73 13 21  7 25 11 87 14 33  8 23  6 97
 4 78  5  4  6 18 12 11 14  3  1 67  0 91  9 62  8 41 13 70 10 54  2 84  3 78 11 93  7 76
10 36  3 78  8 13  4 49  0 72 11 77  9 41 14  5 13 35  7  3 12 40  6 52  2 35  1 11  5 78
 4 16 11 54  0 80 14 35  3 16  5 57  2 17  6 31 13 46  7 19 12 64  8 40  9 52 10 38  1 74
14 59  4 59  6 65  0 15 13 49 11 50  8 45 12 82  3 13  5 23  1 35  2 74  7 15  9 28 10 35
13 43  7 13  5 22  3 37 10 46  0 92 14 65 11 93  6 95  8 20  2 66 12 61  4 28  9 74  1 54
 3  5  4  7  0 57  2 13  8 91 14 95  5 94  9 37 12 72 10 53 11  5  1 69 13 19  7 57  6 52
 2  7  1 49  5 41  0 19 13 94 10 57  9 38  6 79  7 27  4 98 11 33  3 24 12 75 14 91  8 61
12 36 10 97  7 91  0 38  5 33  4 58  2 79  6 53  3 62 13 26 14 92  1 34  9 14 11 91  8 82
 7  6  4 43  5 45  2  9 13 94 12 27  9 11 11 21 14 78  8 23  1 71  0 14 10 68  3 49  6 74
 2 57 12 29  9 91 13 51  1 96 10 41  6 19  4 32 11 37  3 65  7 66  5 49  0  8 14 55  8 80
 9 36  1 89  5 68 12 37  8 76  6 23 13 69  2 92  3 86  4 74 14 79  0 21  7 16 10  3 11  7
 7 10 10 30  0 71  5  3 14 85  4 62  6 70  2 85  3 67 12 73  1 21  8 61  9 92 11 80 13 59
 8 59  7 31 10 35 14 71 12 41 11 57  0 72  6 61  3 46  4 76  1 21 13 65  2  5  5 44  9 39
 6 95  7 80 10 75  1 52  4 87 13 53  5 21  8 37  0 66 11 91  2 18 12 69  3 85 14 45  9 86
13 90  0 90  4 85  8 15  1 54 14 50 12  7  7 14  6  1  5 19  9 12  2  7 10  9  3 27 11 44
12 17 13  1  7 45  8 61  4 65  2 64 11 69 10 67  5 52  3 97  0 85 14 26  1  2  6 26  9 12
 8 82  5  8 13 12  4 90  9 84 12 59 11 76 14  2 10 48  0 10  1 49  2 12  3 73  6  1  7 46
 9  5 14 84  0  5  5 39  4 71  8 38  2 38 13 44  3 86 11 42 12 45  1 29 10 20  6 48  7 94
 2 66  9 13  1 17 12 57  0 28 10 36  6 99  3  3 11 31 13 36  7 56  5 68  8 33  4 54 14  8
 4 70 14 55  8 23  2  1 12 53 13 24  7 21 10 26  1 51 11 45  5 96  3 82  9 25  0 30  6 90
12 94  8 76  2 16  7 45 13 39  1 35  3 11  5 47  6 37  9  9 14 75  0 90  4 59 10  5 11 60
 7 78  5 63  9 15  6 95  1 16 11 37  3 29  4  9 13 46  8 95 14 70  2  8 10 63  0 84 12 15
14 44 11 57  3  8  1 29  8  1  9 21 13 85  2  6 10 76  0 36  5 14  7 64 12  7  4 40  6 26
 6 37  1 14  2 78  7 78 11 29  0  1  3 51  4 59 13 67  5 29 12 61  9 75 14 70 10 62  8 56
10 15  8 20  1  9  4 32 12 21  2 35  9 16 14 72 13 80  7 63  3 19  5 27  6  6  0 54 11 23
 8 42  0 59  4 23  9 13 11 63  6  9 10 64  7 36 12 19  1 42 14 35  3 49  5 66  2 95 13 58
 5 39  7 34  4 75  0 64 11 98  8 48 10 61  2 11 14  4  1 24  6 73 12 38 13 13  3 68  9 35
 1 18  8 72  5 14 11  8 14 97  4 28 13 10 10 76  9 47  3 79 12 99  6 78  0 16  2 51  7 87
 3 64 14 80 10 28  9 62  6 47  4 34 12 94  1 14 13 88 11 67  8 16  7 78  0 20  5 54  2 20
 6 63  4 17 11 91  5 72  9 35 12 43  2 92 10 59 14 24  0  6 13 99  1  7  7 90  8 28  3  9
 9 81  4 56  0 33 12 17  5 68  2 24 13 75  7 58  8 74 14 88 10 19 11 61  1 61  3  4  6 86
 6 47 10 83  1 57 14 70 11 71  2 21  9 13  3 56 12  7  8 74  7 13  5  9  4  3  0 16 13 38
 2 74  4 75  3 54  6 17  7 28 13 59  1 99 11  4  5 37 14 97  8 87 12 62  0 38 10 10  9 15
 5 26  7 95 10 57  0 57 11 75  8  5 13 50  6 54  9 28 14 36 12  4  3 32  2 74  4 17  1 50
13 75  7 57  6 45  0 40 11 75  8 20  9 17  1  9  5 38  3 94 10 41 12 25 14 54  4 50  2 44
 4  8  7 52 11 22  5 68 12 50 13 49  6 33 10 64  1 81  8 67  2 43  9 92  0 37 14 48  3 93
13 32 12 62  6 86  8 13 10 85  2 92  0  7 14 76  5 20  7 48  3 52  1 32  9 48 11 58  4 71
12 39  2 80  5 48 10 96  7 50  8 89  4 27 11 33  6 18  0 65  9 85 14 51  1 83 13 39  3 68
 0 12  8  4  5 10  4 57  7 64 13 83  2  4  1  6  9 42  3 12 10 30 12 47 11 58  6  7 14 70
10 70 12 87  8 50  1 95  4 44  5 75  6 36  9 38 14 95 11 60 13 35  3  8  2 32  7 19  0 26
 1 12  2 91 10 64  0 64 14 31  9  1  5 42  3 86 11 25  8 53 12 51  6 53  4 42  7 42 13 10
12 94  7 93 13 74  1 51  3 39 10 85  6 72  8 13  4 37  0 55 14 19  2 25  9 98 11 54  5 56
 7 43 12 93  2 60 11 86  6 62 14 25  4 54  8 60  3 74 10 73  0 92  5 26 13 72  1 27  9 86
 3 23  5 76  4 75  9 79  6 33  0 90 10 92 11 45  1 95  2 92 13 32  8 10  7 45 12  3 14 51
 0 78  1 76 11 35  6  5  7 10 10 43  3 67 14 32  5 60  2 73 13 15 12 32  9 15  8 42  4 11
11 46  8 37  3 66  9 92 10  9  7 67  0 71  6 76  2 72  4 22  5  7  1 86 12 57 14 70 13 55
13 58  9 38 14 28  3 96  7 24  5 27 11 28 10 24  6 69  1  9  0 53  2 61 12 46  8 58  4 54
12 36  6 15 13 56 11 71  0 73  7 39  5 57  8 10 14 96  2 29  3  7 10 92  4  9  9 12  1 93
12 16 13 84  9 94 10 76  2 49 11 50  4 65  7 10  6 24  0 42  8 41 14 40  1 73  5 98  3 42
 9 35  7 23  3 31 11 74  6 75  0 68  4 72 12 24 14 65  8 23  1 77  2 42  5 10 13 40 10 87
 2 35 11 30  5 91  8 63 10 38 13 28  4 31  1  6  9 10 12 54 14 60  7 84  6 28  0 39  3 12
 7 56  9 46  2 35 11 49  1  3  6 19  8 72 14 24  4 49 12 29  3 56 10 22  0 90 13 69  5 24
 2 71  5 28  8 21 13 14 10 60  4 44  6 78 12 19  7 58  1 12  3 52 14 98  9 81 11 88  0  1
 4 55 13 46  0 18 11 83  8 98  7 14  5  8  1 50  9 48 10 17  3 15  6 39 12 71 14 42  2 86
 0 30  9 58  5 14  3  7 10 74  8 65 14 69  2 16 11  9 12 91  6 83  4 22 13 86  1 91  7 96
10 88  8  5 12 21  7  8  3 48  4 14  1 52 14 55 13  2  6 15 11 30  5 48  0 39  2 73  9 12
 8 17  6 97  0 25  5 90  4 72  7 64 13 82 11 61  2 33 12 19 10  1  3 66  9 91  1 84 14 26
 2 19 14 43  6 77  1 57 11 37  5 55 10 53 13 10  3  9  9 83  4 28  7 71 12  4  8 90  0 34
 1 86  4 34 10 96  7 40  8 23  2 95  9 86  3 58  6  9 13 95 11 67  5 84 12 69 14 65  0 97
 3 97  7 54 12 15 14  9  5 61 13 63  8 39  9 71 10 81  1 17  6 34  0 26  2 28  4 67 11 25
 3 73  0 30 11 15  1 43  7 44  5 32 13 20  8 16  4 28  2 68 14 82  9 20 12 95  6  9 10 33
 8 55  7 76 10 16 11 80  0 70  5 57 12 68  2 28 14 77  3 55  9 49 13 16  1 55  6 64  4 63
11 28  1 26  6 98 12 81 13 53  7 54  9  8  5 24  3  8  0 92  8 88 10 60  4 33 14 17  2 71
 9 30  5  4 12 96 11 66 13 35  6 46  2  2 10 47 14 10  0 17  1 49  4 53  8 60  3 78  7 93
 4 78  2 76  9 85 10 81  5 93 14  3 13 43  6 91  0  6 11 81  1 27  3  9 12 61  8 21  7 10
10 35 14 37 13 24  9 74  3 95  4 32  0 75  1 14 12 67  5 91  2 63 11 93  6 55  8 88  7 32
 6 97 11 42  4 58 14 81  5 44 10 65 12 79 13 24  8 66  3 63  7 88  1 25  0 41  2 52  9 33
 5  2  0 95  4 49  3 44  6 51 11 43  2  9 14  3 10 40 13 77  9 90  1 77 12 32  8 69  7 42
10  4 11  3  6 29 14 68 12 63  8 88  7 78  9  9  5  8 13 67  4 79  0 81  2 54  1 56  3 46
 6 11  0 48 13 87 11  8 12 66 14  8 10 41  2 99  9 18  5  5  4 34  8 95  1 17  7 11  3 25
11 32  1 37  5 92  0 93  4 69 12 93  3 46 13 58  2 64 14  7  6 80 10 16  9 35  7 84  8 81
 1 19  8 61 10 47 13 23  2 93  9 65  5 12 14 48  4 96  0 75  3 36 12  2 11 90  6 57  7  7
 5 12  7 95  0 14  1 77  9 15  4 55 11 27  2 75 10  4 13 10  6 69  3 13 14 84  8 72 12 47
 0 39  5 77 10  8 11 53  2 50  3 14  4 14  7 58  9 43  1 54  6 95 12 40 13 87 14 18  8  7
 1 90  7 31  3 81  9 34 13 94 10 33  5 29  2 43  0 85 11 57 12 32  6 44 14 57  8 15  4 60
 4 80  0 97  8 32  7  7 10 70  5 37  3 55  2 29 14  9  1 87 11 51 12 49  9 53 13  1  6 37
 3 83 10 84  5 36  1 89  6 43 12 29 14 34  0 26 13 37  9  2  2  8  7 20  8 80 11 24  4 23
 5 16  9  3  3 87 14 63  8 61 12 75 11 95  1 72 13 36  0 27 10 11  2 67  4 63  6 88  7 30
 2  2  7 66  9 83 14 94 11 90 10 60 12 49  6 48 13 64  5 74  1 31  3 68  0 99  8  1  4 96
 9 72 10 49  0 48  6 53  5 10 12 54  3 35  2 46  7 27 14 65  8 64 13 51  1 66 11 13  4 51
 5  8 12 58  2 94  0 88  3 88  4 23  1 18  8 15 14 15 13 57 10 33  6 23 11 50  9 95  7 24
 8 57  4 39  7  3 12 80 13 61  0 76  2  1 14 84  6 53  3 65  9 59  5 64  1 52 11 87 10 38
 0 44  3 32  9 61 10 89  2 37 13 78  1 62 14 74 11 17  7 79  8 32  6 74 12 58  4  6  5 88
 4 74  5 63 12  8  7 71 11 84  6 49  8 20  3 50  1  2 14 17  9 51  2 96 13 59  0  9 10  2
 6 28  0 26  5 29  3 70 12 10  2 44  9 71 10 77  8 16  7 10 14 80 11 37  4 61  1 13 13 62
 2  4  3 14  9 24  5 11 11 93  8  3 12 49  4 75  6 35  0 93 13 40  7 96 14 75 10 95  1 71
14 98  8  3  9 12 13  1  5 72 10 72  0 54 12 43  6 61  2 94 11 90  1 33  4 39  3 10  7 45
14 10 12 86  9 98 11 63  2 86  5 47  7 74  6 45  3  5  0 90  8 85 10 90  4 45 13  4  1  5
 7 38 12 22  9 92 14 10  5 20  4  6  3 32  0 45  6 48  8 96  2 73 10 34 11  9  1 37 13 20
10 67 11 20 13 85  9 46  8 19  3 74  5  5  0 76  1 60 14 85  4 84  2 50 12 12  7 17  6 84
 6 79  9 76 13 36  0 86  5 58  3 93  7 21 11  1  2 12 10 67  1 88  8 24 12 42 14 63  4 45
 6 80  0 26  8 13  1 54 11 46  3 59  2 53 10 40 13 34 14 97  5  3  7 25  4 56 12 39  9 21
 4 88 11 19  6 37 10 43  9 49  2 22  5 54  7 40  3 25 12 29 14 38 13 76  1 10  0 32  8 19
14 84  1  1  5 40  6 18  0 68 12 48 10 37  3 57  8 66  9 90  7 50  2 30 13 52  4 73 11 66
 1 60  0 75 11  3 10 21  8 41 14 42 13 66  7 59 12 49  9 87  2 16  4 69  5 24  3 86  6 57
 6 21  1 36  5 15  4 38  8 42 13  9 12 51  9 22  0 63 10 22  3  6  7 28 14 80  2 51 11 29
 8 68  7 71  0  5 11 73 13  7  5 32 14 13  2 81 12 39  1 75  9 50 10 33  4 75  6 40  3 10
 8 28  4 26  2 68 11 58  0 12  3 48  5 83 12 67  9 54 14 36  6 30  1  6  7 41 13 52 10 76
 5 66  9  9  4 49 10 69  8 48  1 87  0 47 13 10  7 41  2  2 12 27  3 46 14  2  6  6 11 30
 6 31  0 32 13 18 10 37  8 19  4 30  5 42  1 75  3 34  9 44  7 98  2 23 14 27 12 28 11 27
 6 11  2 39  9 12  3 40 13 84  8 32 10 91  7 26  1 13 12 81 14 59  4 64  0 99  5 70 11 56
10 22  5 63  7 36 12 32  9 81  0 95  3 31 14 38  1  2 11  2 13 56  6 19  8 92  4 23  2 90
12 17  4 54  6 80 13 65  3 87 11 12 14 85  9 12  7 88  8 57  0 39  5 18  1 89 10 18  2 45
 8  2  6 93 11 86  3 43  5 36  0  3  1  9 13 33  2 10  9 12 12  2 14 65  7  5  4 58 10 57
 0 17 14 18  9 73  2 53  8 97 12 20 13 60  3 59  5 82  4 22 11 83  6 62  1 23  7 23 10 31
 4 57  3 42  1 29 11 65  2 54  8 89  6  3  9 52  0 74 12 62 10 24 14 10  5 65 13 83  7 84
 2 95 13 38  9 46 14 49  5  4  7 22 12 11  3 71  6 99 10 94  8 56  1 34  4 32  0 49 11 65
 3 23  5 93  7 71 12 73 14 85  0 65  4 20  8 99  9 58 11 66 13 67 10 81  2 12  6 64  1 24
 5 70  1 36  7 54 11 94 12 82 13  8  2 64 14 20  8 44 10 74  3 25  9 64  4 31  6 27  0 14
14 61  2 22  5 74  0 46 13 62  9 74  8 45  3 86  6 39  4 37  7 62 11 54  1 91 12 64 10 66
13 98  4 30  6 12 10 60  1 73  9 44 12 48  0 16  2 37  3 72  7 74  8 53 14 73  5 23 11  4
 2 14  4 97  6 11 13 59  1 40 14 11 12  8  5 38  3 99  7  1  0 86 11 66 10 87  8 43  9 41
13 15  0 16  3 97 10 60  7 25  1 19  2 38 12 86  5 69 11 64  4 46  6 57  8 38 14 42  9 15
 3 91 11 43  9 77  5 66  7 86  0 54 13 45  1 92 14 63  2 76 10 22  8 13 12 56  6 98  4 79
 4 92  7 44  5 24 11 84 14 43 10 14  0 56  1 21  8 83  6 34 12 62  9 41  2 45 13 81  3 35
 8 58  3 14  6 55 13 54  2 29  5  2 10 11  0 67 14 63  9 41  7 51  4 41 11 66 12 60  1 78
14 27 11 32 12 92  4 42 10 33  2 71  9 23  5 64  1 50  8 98 13 19  0 49  7 36  6 97  3 96
12  3  1 13  0 59 11 41 13 84  8 61 10 22  9 53 14 96  7 62  2 61  3 59  6 71  4 38  5 17
 5 95 12 65  9 24 14 62  0 56  1 75 13 66  7 70  2 30  3 89  4 68 10 86 11 79  8 54  6  2
 4 15  7 41  8 45  6  1  2 66  3 50 11 91 13 33  0 78  5 15  9 67 12 86  1 78 10 80 14 94
 7 48 10 21 13 50  9 26 11 40  3 19  1 15  0 10 14 47  5 24 12 73  2 17  6  7  4  9  8  3
 8 40  3 96  7 63 11 33  0 24  2 54  5 16 14 20  1 38  9 39 12 38  6 38 10 77 13 12  4 91
 7 97  0 72  6 89  8 79  5  9 13 58 14 44  3 82  4 15 12 63  1 13  9 13 11 46 10  9  2 15
11 60  6 56  7 29 13 62 12 21  8 85  9 10  2 11 10  6  5  9  1 52  0 43 14 90  4 71  3 84
13 87  9 82  1 63  7 21  6 50  3 22 12 59 11 98  2 84  5 64  0 46 10 35  4 32  8 28 14 32
 7 52 14 54 11 29 12 88 10  5  4 37  3 59  5 39 13 54  8 86  1 15  6 11  0 38  9 53  2 90
 5 98  7 99 10 94 14 87  8 73 13 98  0 99 11 48  6 56  4 89 12 56  9 80  3 61  2 42  1 26
 0 92 13 80 14 75  5  6  6 20  8 55 11 83  4 85  9  9  3 79  2 82 10 24 12  6  1 63  7 67
 2 44  4 73  3  2 10 26  1 25  6 30  7 69  0 29  5 26 14 33 11 20  8 64  9 37 12 99 13  2
 9 64  5 18 10 67  0 24 11 47  7 47 13 49  4 18  6 72 14 47  3 86  1 62 12 98  2 79  8 20
13 68 10  5 14 52  8 68  5 35  2 45  6 28  1  1  4 31  7 49  3 93  9 10 12 77 11 29  0 80
 9  7  2 85 10 94  6 54 12 37  8 38  7 89  5 34 13 38  4 19 14 29  3 82  0 69  1 54 11 61
 9 39  1  4  2 64 12 52 13 10 14 28 10 96  6 17  8 95 11 28  0 61  7 43  5 80  3 21  4 19
 3 65  0 90 10 62  1  9  2 90  6 91  9 82 12 56  5 69 11 72 14 33  7 23  8 61  4 53 13 97
 0 62  6 88  4 43  8 62 14  8 11 88  7 96  5 61 12 60  9 40  1 51  3 42 13 50 10 81  2 92
 1  3  0 29  2 54  6 93 10 86 11 87  8 65 14 19 13 28  5 62 12 49  7 12  3 87  9 97  4 40
12 93  1  9  2 18  7 37 14 33  0 50  6 48 11 94  5  7  4  8 10 91  3 25 13 30  9 31  8 34
10 31  2 21  0 95  6  6  1 69 12 87  4 48  8 82  9 83 14 88 13 37 11 31  5 86  3 87  7 73
 8 77  9 17 10 53  3 24 11 43  6 17  5 61  1 31 14 80 13  9  4 62  2 47  7  8  0 77 12 79
13 26 14 48 10 69  2 62  1  4  3 91 12 23  5 21  7 87  9 61  8 49 11 19  0 67  6 34  4 14
 5  5 11 76  3 21  9 79  8 16 14 83  4 53 10 88  2  7  1 80 13 18  6 98  0 36 12 31  7 63
 0 21  1 24  2  1 10 63  3  4 13 32  7 77  5 74  9  2  4 93 11 21 12 39  8 28  6 44 14 37
 5  7 11 72  0 31  6  6 14 42 12  7  1 28  9 46 13 40  4 79  3 78  8 75  2 49 10 82  7 72
 5  8  0 14 11 47 14 77  6 42 10 58  1 97 13 79  8 73  3 35  7 72 12 47  4 10  2 57  9 45
14  9 13 38  3 12  6 36  5 13  0 19  4  6  2 33  9 51 12 12  7 88 11 53 10 67  8 15  1 16
 1  7 14 26 11 97 10 38  0 89  9 83  2 12  7 93  4 35  8 66  5 90 13 16  3 66  6 16 12 91
 2 84  1 87  4 72 13 25 11 23  7 38  6  7  8 37 10  7  5 47 12 32  9 94  3 17  0 84 14 55
 4 82  3 84  6 23  2 22  7  7 13 97 14 60 12  2  5 52 11 39  8 26 10 10  0 90  1 77  9 64
 2 92  3 24 12 66  4  5  8 89  5 36  7 94  1 56 13 28 11 52  9  3  6  9  0  7 14 32 10 44
 2 47  0 27  1 57 13 66  6 71  3 96 10  1  4 32 14 57  7 44  8  4 11 11 12  4  5 68  9 91
13 15  4 88  9 36  3 73  8 16  1 82  5 63 12 68 14 68 11 11  6 11  0 60  7 66  2  2 10  1
14 16 10 45 11  8  0  3  7 46  2 71 13 40  3 96  6 56  9 20  8 32  4 16  5 85 12 59  1 66
 5 90  2 79  4 47 12 60 11 53 10 25  3 14 13 76  1 41  7 39  6 32  0 50 14 68  8 41  9  3
14 39 11 28  0 16 12 31 13 70  4 97 10 19  6 46  8 37  5  7  1 23  9 19  3 38  2 98  7 94
13 15  9 81  6 72 11 24  0 18  5 64 10 14  7 97 12 70  8 34 14 40  2 20  4 18  3  5  1 22
 9 57  0 10  8 40  1 93  6 75 12 34  5 37  3  6  7 99  2 46 14 80  4 82 13 74 10 53 11  1
 7 81  3 51 11 86 14 99 13 50  5 22 10 80  1 86 12 62  8 60  2 69  6 21  0 32  4 50  9 81
12 48  0 32  9 89 10 13  2 98  7 12  8 75  5 40 11 59  3 59  6 16 14 25  4 77 13 75  1 51
12 27  7 40  8 26  1  9  2 50 13  6  9 31  4 53 14 97  3 20 10  5  6 86  5  1 11 80  0 84
 9 73 12 98  5  1  0 23  2 34  4 17  8  3  7 11  1 78  3 27 10  1 11 43  6 58 13 75 14 38
 5  3  2 15 12 34  9 27  8 67 14 55  1 91  6 68 10  1  7 21 13 82  3 72 11 26  4  7  0 52
 1 16  3 25  7 63 10 77 11 70  6 25  2 18  8  2  0  1  9 71 13  8 12 46  4 11  5 75 14 18
10 91  7 53 13 79  3 79 14  2  5 76  1 89  8 61  4 28  6 92 11 27 12  4  2 60  9 15  0 21
 6 85 11 84  7 83  1 82  3 66  0 60 10 52  9 44 14  6 12 91  8  1  4 14 13  2  5 49  2 36
10 74  3 58  5 75  2 92 12 74 13 14  0 79  6  5  8 52  1 98  9 23  4 64  7 84 14 36 11 77