200 15
 9 48 13 61 14 83  4  4 10 90 11 32  5  2  6 76  7 21 12 61  2 70  8 15  0 21  1  4  3 16
12 45  6 81  9 99  2 47  8 41  4 73  7 47  3 68 10 61 14 23  1 19 11 79  0 20 13  8  5 98
13 50  0 97  4 37  8 12  3 24  1 37  5 60  7 65 12 10 14 58 10 54 11 37  2 47  6  4  9 55
 7 34  6 38  0 87  8 81  1 82 11  8  9 88 12 38  4 53 13 28  3 55 14 97  2 69  5 64 10 77
10 37  2 96  4 52 12 76  6 68 14 57  9 39 11 70  7  6  5  2  8 70  0 20 13 20  3 29  1 48
14  6  1 28 11 62  5 64  3 26  4 84  2 58  0 88 13 98  7 10 10 22  6  6 12 19  9 16  8 72
 3 88  0 43 14 72  6 67 12 19  9  6 10 37 13 20  2 74  5 96  4 19  7 44  1 53 11  9  8 15
 4  3  3 11 12  3 10 90  9  9 11 33  2 11  0 42  7 93  6 34 13 29 14 15  8 79  5 28  1 70
14 54  2 64  1 53  7 69  6 33 12 53 11 46  8 56 13  3  4 30  3 70 10 44  0 38  5 91  9 75
 8 76  0 92  6  3 11 72 12 26  5 62 14 25  7 95  3 44  4 48 13 39  9 22  2 29  1 71 10 32
14  1  8 66  3 98 12  8  5 51 11 78 10 61  7 37  2 36  1 37  6 85  4 34 13 50  0  4  9 59
10 16 12 50  0 53  4 36  6  9  1 75 14 62 13 51  9 40  2 15  7 42 11 58  5  7  8 74  3 32
 1 54  7 34  4 24  8 51  0 74 13 69  2 16 10 69 14 95  9 41  6 83 11 70 12 16  5 92  3 97
 8 91  4 32  5 80 13 70  0 19  3 58 11 60  1 88 14 56 10 64 12 45  7 39  2 50  6 96  9  6
 1  5  0 73  4 91  8 42  5 87 13 28  7 57  2 48 11 61 14 38  9 48  6 90 12 21 10 43  3 77
14 16 10 33  1 87  2  4  7 39  3 11 12 51  5 32  6 46  4 31 13 62  9 60 11 52  0 98  8 29
 1 15 11 29  6 59 14 29  5 18  0 94 13 38  3 76 10 84  4 42  9 25  2 52  8 37  7 19 12 28
13 41  7 57 11 41  8 43  4 62  0 12 10 27  9 91  5 20 12 11  2 18 14 16  1 41  6 34  3 29
10 79  4 27  0 42  9 59  8 46 12 78  7 60  6 38  3 53  2 66 14 79 11  5  1  7  5 18 13 71
14 23 11 30  5 62 12 43  7 22  3 75  4 94  1 33 10 98  6 74  9 65 13 63  0 88  2  4  8 14
14 12 11 69  7 36  6 39  2  8  9 84 13 39  5 53  1 79  0 58  3 56 12 24 10 29  4 55  8 87
 3  6  9 53  6 36 12  3 13 28 14 27  0 16  7 28  1 90 11  6  4 37  2 82 10 24  5 94  8 88
10 74  6 57 14 35  0 48  4 95  7 81  3 25 12 66  8 74 13 42 11 88  9 98  5 74  2 56  1  5
 6 50  0 88  3 86  8 88  9 81 14 87 11 32  4 22  5 77  7 92 13  9 12  9 10 60  2 99  1  1
 0 48  1 88  8 40  2 66  6 15 11 82  4 30  7 83  3 40  9 94 12 19 13 80  5 41 14 36 10 70
13 78 14 61  1 88  5 52  7 64 10 37  8 25  2 30  6 57 11 91  9 73  4 94  0 32 12 87  3 25
 2 27  8  3 13 93  7 97  0 31 11 86  6 34  5 69 12 68  9 18  1 19 14 22 10 28  3  3  4 27
 7 30 13 74 11 69  4 78  5 30 12 44  0  2 10  5  9 92  2 58  3 92  1 28  6 23  8 87 14  2
 0 54 10 91  2 61  6 78 11 59  1 62 14 59  9  5  3 95  4 36 12 67  8 77  7 93 13 69  5 81
14 53  6 19  9 79  7 71  8 81  2 72  4 21 10 34  5 83 13 25  0 53  3 74 11 35 12 49  1 99
11 43  0 93 13 99  1 79 10 31  9 79  2 83 14 81  7 81 12 39  3 56  5 91  4 76  8 56  6 14
10 71  5  9 13 33  2 92  6 20 12 44  1 36 14  8  4 32  9 31 11 83  7 70  3 96  8 58  0  5
 1 22  8 55 12 85  5 51 11 16  6 68  0 40  2 67 10 64  3 29  4 53  9 71 13  1 14 60  7 26
 3 82  5  6 10 65  8 69  4 61  0 15 12 70 11 79 14 31  9 60  1 28  2  3 13 17  6 43  7 88
 9 52  4 30 13 63  1 88 10  9  8 27  6 51  0 26  3  1 14 34  5 78 12 82 11 70  7 24  2 78
11 12  3 77 12 71  5 10  1 19 14 19  2 48 13 59 10  8  0 23  7 81  4 84  9 40  8 40  6  4
 5 34 13 75 10 36 12  9  2 27  1  6 14  5  3 59  0 54  8 57  6 92  7 90  9  8 11 86  4 19
 0 88 13 49  1 71  9 92 10 81 11 27 12 10  5 86  4 81 14 97  8 47  3 46  7 64  6 23  2 20
14 81  9 67 11 72  1 73  8 25 13 29 12  5  5 58  2 73  4  2  0 42  3 59  6 78 10 82  7  9
 0 53  1 11  6 95 14 75 12 73  2  3  4 85 13 46  9 45 10 30  5 97  7 38  8 26  3 89 11 44
10 30 11 90 14 13  2 13  4 26 12 79  6 93  1 52  9 12  7 49  8 72 13 71  0  3  3 16  5 37
 3  9  0 58 12 74  1 30 13 58  5 87  8 51  6 70 11 10 14 40  2  2  7 89  4 16  9 10 10 94
 7 91  4 81  9 14 11 34 12 89 14 30  6 41  5 11  2 58  1 94 10 38  3 84 13 55  8  3  0 35
12 66  1 97  7 24  0 34 10 43  3 23  6 11 13 99 11 64  8  5  4 94  9 75  5 39 14 22  2 65
11 96 14 38  1 24  9 37  6 78 13 30  5 58  3 49  4 44 10 69  8 48  0  7  2 95 12 73  7 25
 7 93 13 54  1 14 11 31 12 88  5  1  8 18  6 59  2 76  9 99 14 14  0 20 10 11  3  2  4 72
 4 18  8 17 14 93  2 89 13 15  6 75  1 47  0 66 11 81  7 95 10 44 12  6  9 42  5 58  3 79
10 75 14 12 11 57  7 50  1 74  8 78  4 45  0  9  2 81  9 51  6 83  5 84 13 88  3 25 12 23
12 64  8 18 14 76 11 89  1 35  4 98  2 55  7 60 13 75  3 16  9  2 10 30  0 23  5 19  6  5
12 96 13 31  9 31 11 91  3 22 14 58  5 17  8 21  2 98  1 70  4 25 10 58  6 35  7 21  0 77
10 68  9 58  1 34  8 64  7 16  6 72  2 26 12 25  3 93 14 42  4 25 11 29  5 99 13 63  0 41
 3 65  5  4 14 41  2 60  8 13  9 29  1 75 13 42  4 83 10 81 11 17  0 48  6 98 12 79  7 47
 8 45  0 77 13 19  6 23 14 67  3 95  5 28 10 13 12 77 11 14  9 93  4 35  2 22  1 96  7 23
10 18  1 29 14 99  3 77 12 98  9 11 13 40  7 52  6 44 11 20  0 20  5 25  8 26  2 32  4 64
13  4  0  5  2 28  7 40  9 54  3 41  8 39  1 11  6 86 11 80 10 13 14 99  5 28 12  1  4  7
 4 50 10 34  9 68 13 97 12 52 14 57  1 49  2 23  5 19  6 96  8 76  7 57  0 95  3 96 11 52
 9 77  7 85  4 23  0 38 12 93 13 20  6 51 10 36 14 53  5 78  1 79  3 94  8 63  2 32 11 69
 2 14  1 92  6 29 11 47  0 98  4 64  9 97 12 27  8 94 13 81  3 60 10 43  5 32  7 33 14 38
 7 21  8 21  5 20  6 56  1 85  2 77 10 24 11 61  9 91  3 77  4 88 12 26 13 70 14 55  0 82
10 14 12 68 11 87  8 11  1 54  4 23  7 34  2 13 14 83  3 55  0  2  5 86 13 92  9 25  6 50
 7 73  0 72  4 88 11 85  1 46 14 70  3 85  9 70 12 32  6 19 10  6 13 49  2 91  8 83  5  7
10  7  8 32 13 27  1 33 14 75  3 52  4 77 12 72  7 86  5 86  0 10 11 97  9 81  6 79  2 76
12 38 11 64  5 75  9 40  3 32 13 87  0 69  7 62  4 59  6 55  2 90 14 72  1 24  8 92 10 65
 1 13  8 46 12 47  5 45  6 48  0 90  4 87  3 78  2 12 13 54 14 44  7 50  9 68 11 96 10 68
 1 38  3 41 11 37  7 54  5 80 12 55 14 28  4 47 13 11 10  4  0 36  8 45  6 80  9 24  2 14
 8 86  2 60  5 51 11 64  1 85  0 46  6 73  4 48 12 18 10 45  7 96 14 28 13 53  3 40  9 43
 7 45  9 23  8 38  1 19  6  2  0 19 11 50 14 90  5 51 12 35  3 71 10 40  2 31 13 29  4 74
 5 36  6 31  1 58  8 78  4  3  7 91  9 42  3 20 10 32  2 29 12 52 11 95 13 87 14 47  0 98
 7 92  9 66  8  2 12 82  5 34  1 17  2 99 13 75  3 56  6 27  4  6 14 49 11 81  0 82 10 95
 9 20 11 83  6 18  8  4  2 38  7 56  4 14  5 78  1 85 13  2  0 95  3  7 10 36 12 81 14 87
 1 10  5 26 11 32 12 68  3 63  0 56 14 37  4  4 13 21 10 61  6 45  9 42  2 85  7 48  8 43
 3 48 12 42  5 67 10 64  2 22  0 17  4 79 14 75 13 28  8 20  7  6  9 65  1 38 11 56  6 68
 0 24  6 68  7 22 13 81  1 81  2  4  8 87  4 91 12 83 14 77  5 76  3 56  9 32 11 30 10 87
 6 42 12 95  9 78  7 67  0 69  4 59 10 25  5 49  3 40  2 47 13 24  8 83 11 88 14 13  1 90
11 44  5 10  6 82  9 53 13 36  4 42  3 12  8 59  0 90 14 79  1  8  7 24 10 39 12 97  2 16
 8 70  5 93  3 86  0 24  1 37  2 41  9 18 10 85  7 11 13 85  4 11 14 24 12 58 11 73  6 91
 9 36  5 58  2 51  8 41  7 48  1 51  4 93 14  8  0 60 12  5  6 68 10 86 13 53  3 16 11 21
 7 14  3 90  0 53  8 94  1 59 14 53 10 17  5 41 12 74  9 91  4  6  2 76 11 35 13 80  6  2
10 58 12 25  8  9  1 83  3 76  5 14  2 25  0 55 11 59 14 36  9 81 13 63  7 46  6  2  4 71
 8 36  2 80 10 49 13 25  1 91  4 37  9 15  7 13 11 88  5 14 14 96  3 76 12 69  6 36  0 83
11 46  7 85  5 32  3 24  1 63  4 60  8 41  2 27 13 52  6 49 14 20 12 25  0 65 10 35  9 10
13 74  5 95  9 28 14  2  0 72  3 12  4 97  6 45  8 42  7 77  1 83 11 33  2 75 10  8 12 25
 4 74  0 35 12 23  1 95 11 24  8 63 14 59  6 68  9 25  2 75 10 37  3 65 13 22  7 29  5  6
 0 21 14 42 10 62  6 88  2 47  5 63  9 67 12 38 13 75 11  2  1 85  8 15  7 96  4 44  3  1
13 33  0 35  5 65  4 35  2 98 12 99 14 79  8 47  9 52  3 78 10 34  1 20  7 84  6 25 11 29
 3 94  4 13 12 41 11  1  0 48  1  6  2 30  9 21 13 41  7 37 14 68 10 62  6 26  5 55  8 89
13 72  2 22 12 68  1 93  3 48 14 76 10 65  8 30  9 26  4 27  0 10 11 76  7 28  6 12  5 47
10 42  0  2 13 66 11 76  4 22  1 12 12 33 14 55  2 87  5 58  7  2  3 35  6 81  8 21  9 33
10 57  8 68 11 68  2 38  3 49 13 36  7 24  1 84  5 27 12 79  0 61 14  9  4 87  6 38  9 88
 9 17  1 13  0 36  5 25 11 71  4  5  7 28 10 67 13 50  8 91  2 61 12 75  3 66 14 31  6 80
 3 18 11 74  1  3 14 58  4 71  9 14  6 68 12 63 13 20  5 18  0 45  7 78  2  6  8 75 10 80
 0  4  1 28  5 87  8 32  4 10  7 99  2 79 11 76 13 14  6 57 12 26 14 59 10 13  3 65  9 92
 8 76  7 54  2 72 12 16 11 29  4 65  9 78 13 39  1 83  0  9 10  3  5 64  6 16 14 89  3 82
14 32  8 55  5  5  3  3  1  4  6 84 10  6  4 23  2 98  7 56 12 27 11 98  9 39 13 44  0  6
 1 84 12 88  0 45 11 82  5 71  8 46  4 49 13 80 14 30  3 56  7 90 10 94  9 94  6 90  2 67
14 29  2  9  0 15  6 74  7 66  1 80  5 73  4 25  8 23  9 58 11 21 10 97 12 17  3 46 13 48
 0 64 11 99  2 18  3 76  9 23  4 90 14  3  8 79  7 76  1 71 12  3 10 35  5 34  6 46 13 50
 3 41 14 97 10 64  0 78  9 47  6 50  2 85 13 83  8 99 11 11  4 45  5 25  1 55 12 66  7 93
 3 22 10 40  0 62 11 64  5 40  7 78 14 96 13 48  4 45  1 51  9 52 12 53  8 48  6 57  2 48
 8 80 14 57 10  8  3 86  5 82 13 39  1 31  4 23  0 97  6 48  2 36 11 79  9 44 12 33  7 12
13 12  3 28 14 64  7 28  2 82  5 73  4 78  1 52 11 35 12 88  9 65  8 50  0 76 10 74  6 24
 1  6 11 46  6 31 13 80  5 66  0 91  3 32  8 80 14 58 12 42  2 18  4 47  7 57 10 85  9 97
 3 22  6 76  0 40  8 50  4 23  7 54 10 74  1 67  5  9 14 78  9  5 12  9 13 50  2 98 11 34
 9 40  3 41 10 79 11 28  7 11  4  8  5 88  8 19  2 69 14 24  1 81 13 53  6 90  0 43 12 68
 5  7  9 76 11 50  6 67  8 91  3 73 12 91  0  4  4 66  7 41 14 29  1 27 13 46  2  6 10 70
 4 38 13 28  2 60  0 59 14 71  8 52  6 41  9 61  1 94  3 75 12 27 11 36 10 24  5  4  7 86
12 15  0 50  7 47  8  8 14  2 13 56  3 13  6 47  2 30  1 74 10 29  5 61 11  8  4 60  9 16
 2 34 14 35  1 56  5  3  6 39 13 40  0 15  4 45 12 93  8 43  3 68  7 10 10 21  9 96 11 64
14 59  8 75  7 34 13 75  4 81 11 24  5 42  0 32  3 22  9 25  1 89  6 29 10 48  2 97 12 62
12  7  2 78 13 29  3 33  0 76 14 97  9 35 10 57  4 42  1 95  6  1  5 94  7  4 11 52  8 24
 1 88  0 40  3 51  8 37  7 17  2 20 14 36 11 76 10 25  6 44  5 74 12 85  9 64  4 24 13 22
 6 22  5 11  0 46 11 70  3 13  1 30  8  9 12 85 10 97  2 67  7 49 13 15  9 66  4 55 14 32
11 82  6 64  2 54  1 41 12 72  9 79  5  5  3 14  0 18  4  7 13 11  8 62 10 37  7 26 14 38
13 31  1 85  4 75  6 53  3 33  7 72 12 26 10 70  9 65  8 39 14 40 11 96  5 15  0 46  2 87
11 86  4  8  2  6  1 12 14 11 10  5  0 90  9 17 12 83  6 40  7 23  5 91  8 64  3  6 13 31
 1 17  5 34  4 23  7 65 14  2 13 55 12 28 10 36  9 78  0 36  3  4 11 42  8  6  6 15  2 38
10 82  3 39  8 52 11 14  1 57  6 36 13 33  5 68  9 41 14 97  0 86  7 53 12 98  4 41  2 60
11 53 10 78  1 13  5 36  0 86 14 34  3 71  9 48  4 89  2 63 13 75  6 14 12 84  7 77  8 99
 1 49  9 49 10 20 12 34  0 19 13  5  7 94  5 42  6 46  4 31 14 26 11 25  8 53  2 30  3 66
 1  8  4 19 13 77  9 47  8 12  6 63 10 12  0 71 14 96  7 35  2  3 12 22  3 32  5 76 11 83
 9 64 14 40 12 19 13 96  8 67  0 94  4 48  3 94  2 23 10 47  7 27  5 47  1 78 11 60  6 58
10  5  6  1 12 90  3 81  4 75 14 64 11 77  7 73  5 15  2 60 13 20  9 88  0 95  1 80  8 51
 4 34  0 61 12 13  2 70 11 52 13 13  3 19  9 70  8 79 14 36  7 89  5 83  1 50  6 94 10 70
11 97  2 25  4 25 12 21  6 87  7 11  9 71  3  7  5 99  0 98  8 45 10 42 13  8  1 92 14 61
13 44  5 67  1 20  9 90 14 34 12 17  3 98 10 61  4  5  7 87  6 64  0 62  8 48  2 18 11 70
 7 52  9 79  3 41  1 86 12  6  4 26 13 74 14 22  0 11  8 98 11 30  2 74  6 60  5  4 10 40
 4 32 14 91  7 55  2 76 11  2  9 37  8 56  6 17  5 66 12  7  1 81  3 27 10 11 13 98  0 54
 2 85  6 35  5 95  9 57 12 88  7 29 10 98  3 59 14  3 13 90  4 27 11 57  0  6  8 81  1 52
13 75  7 13 10 93  5 86 11 52 14 87  1 44  8 50  2 93  4 75  0 49  9 88 12 62  6 91  3 29
11 94  2 72 13 92  6 30  4 72 12 11  9 39  0 84  3 56 14 25  7 55 10 59  5 97  8 29  1 83
 5 95  1 50  9 81 11 30  4 43 13  1  6 94 14 46  8 26  0 62 10 11  7 28 12 16  2 60  3 99
 8 21  4 92  1 99  6 67  0 24  3 85 12 65  5 67 13 17  7 32 11 89 10 98 14 16  2 16  9 94
 9 98  3 53  1 47 14 37  8 23 10 45  5 53  6 13 13 25  0 48  7 74 12 95  2 47  4 11 11 98
11 86  0 71  1 42  6 88 10 33  8 76 12  3  7 84  3 13  9 49 13 53 14 32  2 86  5 88  4 28
12 50 14 37  7 30  9 86 11 45  3 80  8 21 10 26  4 35  2 68 13 12  6 49  5 22  1 63  0 74
 1 86 12  7  7 67 11  4  3 55  0 36 13 54  6 93  2 72  8 84 10  8  9 20 14  7  5 84  4 38
 6 51 11 71  4 86 12 47 10 53  7 38  1 33  5 34  8 72  0 61 13 27  2  5  3 62 14 84  9 19
10 12 11 37  1 65  3 31  4 70  8 80 14 25  7 11  2 24 12 51  9 72  5 51  6 76 13 82  0 61
 6 74  9 10  8 63  5 14  2 82  0 23  3 20 13 38  1 83 10 86  7 99  4 90 11 15 12 79 14 84
 3 12  0 47 12 82 10 81  4 58  9  6  2 21  8 15  1 33 13 80  5 66 14 44  6 17 11 24  7 13
10 70  8 19  1 87  6 53 12 94  0 39  9 38 11 33 14 41  2 52  4 61  5 50  7  5 13 75  3 49
14 69  6 59 12 79  1 16  9 60  7 90  8 31 11 24 13 21  0 97  3 98  5 17 10 28  4 34  2 61
 7 75  4 39 14  7  8 23  2  4  3 47  5 26  0 65 12 12  6 50 11 36 10 46  1 53  9 12 13 75
 5 61  4 51  0 93 12 62  9 56  1 70  8 54 10 26  7 34 11 34 14 38  6 15  3 37  2 92 13  3
 7 10  0 86  5 72  4 47 14 58  3 52 13 69  8 75 10 13 12 98  6 40  9 77  2 35 11 21  1 71
 1 41 14 94  4 78  8 47  9 34 11 44  3 86  2  4 12 69 10 13  5  5  0  7  6 55 13 74  7 61
13 28  0 15 10 69 14 32 12 53  3 28  6 81  5 97  8  8  1 98 11 59  4 20  9 77  7 68  2 49
 7 67  3 50  0 28 11 26 10 85  9 30  8 51 12 78 14 38  2 48  1 66 13  1  5 78  4 19  6 59
 9 79  5 97  8 67 14 10 10 36  3 82  2 44  0 77 11 44 13 99  4 55  1 57 12 64  6 54  7 12
 8 42  9  4 11 29 12 28  7 63 13  3  6 49  4 86  5 61  1 74  2 54  0 20 10 27  3  5 14 86
 7 65  2 66  9 60  8 48  0 51  5 19 11 78  6 58  1 18 13 54 10 60 14 79  3 54 12 21  4  1
 0  4  3 56  8 42 14  8  2 32  9 30 11  3 12 46  1 55 10 46  7 83  6 61 13 69  5 57  4 13
 4 46 13  7 11 31  1 42 12 98  2 55  7 78  8 77  3 82  6 37  5  3 14 75  0 54 10 35  9 67
 7 33 10 38  0 11 13  6 14 79  2 95  9 40  8 32  4 56 11 79  6 40 12 42  3 73  1 52  5 91
 3 31 12 53  2 18  6 82  8 29  9 20  1 57  7 49 14 47  5 36 13  6  4 15  0 94 11 93 10 55
 5 85 14 42  3 47  9 35 10 26  4 31  8  1  1 78  6 81  0 46  2 92 12 93  7  2 11 28 13 68
 5 17 11 93 10 75  3  6  8 18  6 43 14 64  2 91 13 94  4 39  1 40  7 48  0  8 12 37  9 91
 1 30 14 74  2 37  5 83 13 13 10 47  4 36  8 80  6 38  7 42 11 31 12 99  3 12  0 36  9  8
 9 81 14 26  2 21  7 48  1 14  8 63 13 97  5  7 11 41  4 64  6 37 10 39  3 21 12 20  0 18
 7  3 10 92  4 54 12  8  5 27 14 50  1 98  0 84  3 80 11 12  9 25  6 53  8 67 13 49  2  5
 9 31 14 25 12 10  5 10  2 51 13 26  8 86  6 64  0  9  1  8 10 29  4 40  7  7 11  6  3 83
12 16 14 43  4 87  6 23  7 40 13  7  3 18  8 63 10  6  2 49 11 29  5 27  1  1  9 16  0 53
 1 41  9 24  8 38 14 47 12 78  2 87  6 74 11 76  0 18  5 45 10 80 13 57  7 87  4 94  3 87
 9 15 10 30  1 95  8 82  5 53 11 31  7 98  4 54  0 36 14 59  3 21  2 37 12 11 13 72  6 57
 5 50 13 28  3 88 10 43  9 31  4 49  7 59 12 69  2  5  0 11  6 32  1 90  8 47 11 35 14 79
 0 35 14 71 11 86 12  9  8 32  7 72 13 10  3 58  5 10  2 54  1 59  4 61  9 72  6 99 10 95
14 90 11 24  5 89  1 24  6 92  4 93  8 92  0 52  7 68 12 83 13 44  9 68  2 87  3 36 10 55
 3 65 14 35 13 13  2 83  9 92 12 24  4 72  8 52  6 97 11 45  7 88  0 26 10 44  5 39  1  6
 4 70  6  5  7 68 14 90 13 13  5 14  9 74  3 28  2 19  0 14 12 53 10 54  8  7 11 90  1 62
14 12  1 75  5 62  4 88  0 94  3 72  9 47 12 40  2 66  6 61  8 16 11 85 13 77 10 74  7 93
 3 22 14 40  8 80  4 10  1 34  6  4  5 52  9 53 13 50  7 26 11 64  0 48 12 48  2 55 10 25
 1 69 11 50  3 17 14 24 10 57  5 56  6 31 13 12  4 10  0 22  2 18  7 12  8 81 12 98  9 89
 3 39 11 34 14 70  5 37  0 51  8 89 10 98  1 91 13 69  9 95  7 87  6 15  2 61  4 15 12 32
 2 61 12 49  3 95  6 95 11 67 10 81  4 73  1 34  5 14  9 76 14 14  0 72  8  5  7 56 13 56
 8 22  6 99 10 97 13 60  1 72  9 60  2 59 11 68  0 54  3 58 14 95  4 96  7 48  5 67 12  5
 1 32  2 47 10 10 13 52  6 13  3 80 14 28  7  2  5 91  4 75  0 93  8  3 12 49 11  4  9 15
 1 59  0 83 12 39  2 99  6 54  3 96  4 95  5 79  7 97 10 70  8 62 13 61 11 36  9 45 14 30
12 17 13 16  9 36  7 74  6 46  5  7  2  3  1 87 10  3  3 11  4 82 11 40 14 43  8  8  0 89
14 56 10 82  2 64  0 53  1 39  3 31  6 11  5 10 11 69 12 66 13 93  4 37  7 84  8  9  9 66
 0 27  7 91 11 86  8 39  4 14  2 56 13 96 12 85 10 75  6 48  3 60 14 21  1 58  5 42  9 97
 5  4  1 96 12 29  0 98  6 34  2 71  4 73  3 72 11 29  7 49 10 79 13 85  8 57  9 84 14 66
 3 10  9 40 10 72  4 18  5  2 12 28 11 20 14 44  8 16 13 75  0 84  7 19  1 51  2 71  6 96
 2 13  6 76  4 69  9  2  8 75 13 98 12 19 10 47 14 94  7 10  5 46  3 91 11 89  1 13  0 10
14 27 12 81 10 64  0 47  2 60  8 46  7 25  6 50  5 26  3 89 11 29  9 62 13 71  1  4  4  7
11 28  5 58 10 42  7 93  6 26 12 71  4 49  1 61  3 70  2 15  9 25  0 67 14 35 13 90  8 68
 2 61 14 56 10 82  3 21  4 28  9 97  0 91  7 91  6 93  8 26 12 59  5 44 11 61 13 78  1 21
 8 39 11 15  0 93  3 42 14 65 10 29  7 67  6 60  2 85  1 63 12 78  5 91  9 30 13 16  4 92
13 33 10 83  0 12  7 42  4 60 14  8  6 56 11 63  1  3  8 22  9 98  3 88  2 77  5 12 12 36
11  2  7 97  2 73  4  1 12 42  8 71  9 39 13 62 14 50  1 78  3 82  0 39  5 50 10 77  6  8
11 46  4 95 12 97  7 54 10 63  2 47  1 70 13  8  3 54  6 65  5 88 14 74  9 90  8 54  0 96
11 69  7 51  4 48 12 59  9 29 10 26  8 29  5 59  6 32 13 83  3  4  0  7  2 77  1 70 14 16
 4 76  9 76 11 12 13 96  5 21  6  7  1 59 10 84  7 52  8 35  0 40  3 22 14 48 12 84  2 98
 4 94 10 52 14 45  8 76  6 66  5 18  1 67  7 58 13 97 11 72  0 35 12 63  3 43  9 55  2 47
 3 88 10 55  0 21  7 16  5 56 12 61  8 52  6 84  4 35  2 25 13 36  1 77 11 76  9 99 14 18
13 28 12 82  0 39  7 72 14 63  9  1 10 29  6  9  5 49  8 27  1 92 11 49  3 60  2 51  4 28
 8 45 14 42  6  9  1 44  5 51  0 54  3 30 11 44  7 31 13  3  9 65  2 37 10 42 12 42  4 96
 9 67 11 89  0  9 14 28  6 79  7 80  3 91 13 25  8 37  2 44 12 10  5 54 10 14  1 44  4 23
 4 99 14 40  5 23  8 92  9 45  0 82  6 91  2 19  3 26 10 72 11 25 12 63 13 87  7 46  1 34
13  5 12 94  5 53 10 92  4 44  8 19  6 44  0 16  3 93 11 21  1 50 14 25  2 72  7 48  9  6
 2 17 12  4  3 23  9 94 14 17  5 34  0 34 10 76  8 51 11 55  4 26  1 90  6  5 13 66  7 23