130 15
 4  5  9 47  2 24  7 78  1 33  6 25  3 53 14 44 11 44  0 97  8  4 12 54  5 89 10 85 13 22
 1 46 14 22  8 98  9 83 12 30  5 70  3  8  6 45  4 26 10  5  2 36  7 92 13 79 11  3  0 11
 0 16  3 16  5 66 13  9 14 18  9 62 11 71 12 29  2 80  1 96  4 79 10 95  6 76  7 25  8 66
12 99  0 20 10 29  8 99  3 19  1 99  9 34  6 70 13 50 14 18 11  9  7 51  5 46  4 70  2 32
 4 77 10 99 14 49  7 27  9 62 13 10  3 26  2 77 11 14  5 18  0  4  6 13  8  6  1 48 12 40
 2 82  5 37  8 20 11 91  4 55  9 51 10 26  1 11  0 45  7 82 14  6  6 54  3 43 12 60 13 15
14 66  8  2  0 84  6  5  5 21 13 35  3 77  4 16 11 12  9 54  2 56  1 53  7 20 10 18 12 64
 4 17  5 73  9 12  2 84  7 10 13 40 11 42  3 66  6  7  1 28 12 30 10 97 14 60  8 33  0 30
 9 67 12 34  8 76  6 79  0 79  5 75  7 44  4 39 13 76  1 66 14 24 10 14 11 51  2 15  3 60
 7 29 10 36 13 48  8 27  2 25  9 39  3 11 11  7 12 35  6 55 14 63  5 96  0  9  4 37  1 59
 8 20  2 43  9 22  0 71 11 61  3 61 12 80 14 73 13  3  6 41  5 24  4  2 10 46  1 82  7 53
10 80  6 75 13 15  2 86  7 41  3 27 11 72  0 59  1 89  4 36 14 82  9 95  5 25  8 66 12 59
 4 13  9 62  2 55  0 72 12 98  7 29 13 90 14 46  1 73 11 83  8 54 10 80  3 82  6 77  5 65
10 62  7 36 13 39 11 26  8 22  1 99  5 66  0 52  2 74  6 70 12  8  4 38  3 70 14 24  9 46
 5  4  0 67  3  6  8  1  4 17 11 60  2 41 10 70 14 86 12 32  1 96  9 43  6 61 13 11  7 79
 3 25  4 42  6 41 14 92  1 81  7 95  2 48 12 14 10 37  0 69  5 72  8 93 11 39  9 26 13 75
 6 51  3 50 12  5  7 41  8 11  9 65  2 52 10 27  0 47 11 54  4 85  1 22 13 99 14 50  5 13
 3 51 14 91 12 53  7  7  9 17  0 47 13 41  5 35  8 15  1 16  4 68  6 93 10 38 11 33  2 97
14 23  6 26  0  9 12  7  8 10  1 84 10 72  9  4  2 19  7 69  3 85  5 41  4 21 13 87 11 14
 5 30  3 75  6 14  9 41  8  7  4 80  0 22 14 12 10 20  7  1  1 66 11 23 12 30  2 68 13 98
 3 76  4 44  1 37  8 81 13 83 11 16 10 15  9 15  7 20  2 39  6 61 12 32  0 80  5  6 14 11
 9 71 13  3  2 81 12 69  6 62  0 31 14  3 10 47  5 39  1 69  7  4 11 67  4 45  3 30  8 75
 4 83  7  4 10 69 13 97  0 87  5 91 14 87  8 90 11 72  6 40  3 53 12 80  2 22  1 76  9 67
 5 77 12 20 10 49  3 31  8 35 13 30 11 10  9 27  1 36  0  7  4 40  2 64  7 91 14  1  6 60
 7 67  4 19  8 22 10 20 13  3  3 90  0 27 14 59 12 81  2 33  6 86 11 50  9 27  5 42  1 32
 9 14  4 33  2 11 14 43 13 22  5 27 12 55  8 70  6 52  0 29  7 46 10 70 11 31  3 19  1 38
14  9 11 23  0 73  1 23  8 50  5 95  2 65  3 95 13 26 12 74  6 41 10 16  4 33  7 56  9 35
 9 15 10 84  3  2 12 77  0 31 14 27  1  8  5 43 13 49 11 50  6 67  4 95  2 33  7 70  8 21
 2 31  9 29  7 62  1 47  6 79 12 49  0 12 11 31  5 30 10  2 13 84  8 75  3 89  4 36 14 79
 3 43  0 67  8 60  9 31 12 84  7 32 10 87  1 79  5 50 14 23 11 14 13 75  4 73  2 80  6 29
11 27  0 52 12 21  6 79  9 39  5 36  2 42  3 13 10 20  4 56  7 73 14 84  1 88  8 84 13 23
11 63  1 20  8 75 14 28  6 91  7 93  9 95  5 29 12 30  4 84 10 17  2 39 13 40  0 45  3 58
 1 50  9 65  5 92 14  6  4 37  8 43  0 33  2 71  6 91 13 88  3 33 12 47 11 39 10 93  7 83
12 88 11 18  5 29  7 89  2  4  0 46 10 39  8 31  3 36 14 12  1 93 13 31  9 44  4 97  6 95
11 92  1 90  2 78  6 33  0 53  4 18  3 25  8 80  9 42 12 23 13 78  7 41 10 25 14 30  5 33
 7 13  4 74  3  4 12 83  9 62  8 83 14 28  5 57  6 58 13 88  1 55 10 48 11 49  2 96  0 81
 5 26 12 91 10 32  0 14  7 23  4  1  2 85  1 79 14 53 11 65  3 99  8 76  6  6  9 23 13 47
13  9 12 99  0 18  2  8  3 37 14 21  7 41 10 90  8 73  4 54  5 21  1 10  6 95 11 70  9 27
 9 15  1 36  8 66  4 47  3 96 12 21  0 20 13 78 11 77  6  9  7 95  2 73 14 38  5 33 10 95
 4 33  6 13  0 90  7 21  3 79  1 92 12 17 10 77 11 19  9 81 13 16  2 56  8 92 14 81  5 65
 3 16  4 53 13 51  9 34  0  7  2 64 12 10  6 49  7 20 14 25  1 80 10 96 11 13  5  4  8 44
11 78  4 31 10 55 13 11  5 84  7 89  8 60  3 29  6 53 12 62 14 46  1 68  2 90  0 12  9  5
13 34  2 97  8 91 14 59  7 28  4 36 10  9  1 33 11 10 12 58  6 89  0 70  5 90  3 11  9 40
 7 24  0 13  4  9 10 25  6 93  3 77 13 14  1 44 11  3  2 35  5 71  8 27 14  4 12 54  9 38
13 28  7 20 10 39  9 31  5 71 11 30  0 30  1  4  4 78  6 84  8 24  3  7 14 76  2 76 12 74
13 96  5 67  6 48  8 33  9 52  1  7 14 35  2 78 11 82  0 15 10 57  3  8 12 34  7 58  4 22
 7 47  3 40  8 95  9 89 14 87 11 16 12 38  6 76 13 87  5 44  2 86 10  1  1 40  0 64  4 11
 5 49  0 68  7 10  2  9  3 52 12 25 10 40  8 84  4 11 14 72  9 41 11 12  1  3  6 41 13 41
 3 79  1 77  6 60  7 67  5 97 13 35 14 23  8 34 10 41 11 25  9 24 12 27  0 98  2 93  4 61
 1 80 14 40 13 30  5 83 10 45  7 67  6 28 12 39  4 49  2 80  8 60 11 65  3 47  0 43  9 37
 8 48 10 58  4 58  2 82 14 60  0 51  5 49  3 62 11  1  6 25  1 52 12 82  9 75  7 73 13 11
 0 12 11 43  2 85 13 97 14  6  8 51 12 98  4 46  3 94 10 84  1 46  9 34  6 87  5 29  7  8
14 37 11 49 13 27  6 78  1 58  7 46  9 59  2 11 12 55  4 49 10 82  5 57  8 14  3 13  0 78
 4 38 10 17  3 64  7 48  2 29  5 51  8 80  9 78 12 48 11 94  0  7  6 80 13  3  1 17 14 99
 9 59  0 43  3 29 14 30 13 20 12 62  2 20  7 64  1 13 10 13  4 31  5 73  8 57 11 67  6 94
 1  5 11 87  0 76  6 18 13 27  5 62  7 64 12 32  9 80  2 83 14 77  3 74  8 67  4 33 10 85
13 66 11 52 10 81  3 50  7 88 14 44  2 38  1 31  6 91  9 36 12 72  5 83  4 83  8 84  0  7
14 22 12  7  4 50  3 30  2 22 13 81 10 11  8 47 11 60  9 97  7 97  5 10  6 32  0 19  1 50
12 33  6 84  1 12  2 62 14 62  4  2  0 20  8 13  7 97  3 81 11 10 10 93 13 64  9  9  5 60
 2 81  8  2  6 94  7 86 12 60 13 82  9 82  0 88  5 47  3 17  4 61  1 29 11 17 10 78 14 16
 7 24 12 11  9  2  4 97  0 79  8 24 10 20 13 19 11 58  5 41  6 71  2  3  1 52 14 28  3 62
 0 63  8 69 13 80 14 95 12 44  7 75 11 20  4 15  3 34  5 79  9 84  1 27 10  2  2 56  6 83
 3 13  9 23 12 42 11 82  4 11  5 36  7 51  8 30  6 98 13 43 10 96  1 60 14 70  2 39  0 31
 5 86  2 32  3 31 12 34  1 97  4 14  7 72 10 11 14  2  8 35  6 94  0 35 11  5 13 59  9 34
 8 45  3 14  9 44  5 18 12 19 11 26 10 14  2 67 14 39  4 70  7 23 13 91  1 90  6 98  0 58
 6  7  1 54 14 97 13 90  3 93 10 61  0  5  5 41  7 99  2 82  8 87  4 73 12 42  9 65 11 19
 1 30  0 88  9 93  8 95 12 21  7 12  3 62  2 34 13 45  5  8  6 40 11 24  4  3 10 56 14 91
 6 95  7  4 11 76  9 73  5 59 13  4 12 63  0 22  1 31  2 53  4  9  3 51 14 71  8 38 10 22
14 88  1  1 11 68  9 21 12 65  2 86  7 51  5  7 10 86 13 21  6 20  4 50  8 24  3 73  0 38
10 57 12 58  2 83 13 48  6 86  0 80 11 71  8 23  7 86  4 65  9 19 14 80  1 28  5 28  3 91
11 35  8 14  4 64  9 58 13 23 12 72 14 71  1 86  6 22  7 69  0  8 10 29  3 73  5 55  2 68
 0 20  8 74  6 69  7 69 11 73  2 81  4 86 10 42  3 32  9 95  1 93  5 45 14 94 13 82 12 73
11 66  4 57  3 33  2 14 10  7  9  6  6 95  7 30  0 20  8 15  5 96 12 38  1 22 13 31 14 36
 8 46 10 76 12 11  4 80 14 32  0 52  7 25  6 81 11 91  9  8  1 43  3 25  2 30 13 54  5  8
11 36  5 99  7  8  3 65  4 55  8 85 12 68  9 76 13 34  0 48  1 34  6 15 14 81  2 26 10 22
10 41  6 91  5 27 12 72  3 89  2 26  1 46  9 74  8 87  0 67  7 87 13 29 11 10  4 46 14 73
 8 88  9  3 11 93 14 63  7 61 10 43  3 43 12 93  0 26  6 33  1 46  5 67  4  3 13 83  2 53
 8 53  4 34 13 32  1 34  6  4  9 59  2 87 12  1 10 82 14  2  7 11  3 73 11 82  0 78  5  6
14 14  5 49  4 15  8 75  1  6  0 73 12 95  2 48 13 71  3 37  6 28  9 40 10 92  7  1 11 59
10 82 13  8  7  9 12  9  8 44  3 56  5 33 14 86  4 84 11 54  9 58  6 16  1 48  0 77  2 24
 9 97  7 31  2 13  0 67  4 74  8 54  5 10 14 13 11 22  1 80 13 76 10 29 12 56  6 68  3 42
 3 76  5 15  1 45 10 40  0 21  8 29  6 81  7 68  2 63 12 85 13 57  9 94 14 41 11 23  4 88
 0 51 13 68  8 71 14 75  1  8  5 12  4 21 11  4  9 22 10 36  6 96 12 63  7 50  2 21  3 73
 6  7 13 83  8 41  4 67 10 67  5 12  7 60  9 91  2 52  0 37 14  8  3 52 12 74  1 32 11 21
12 25  3 19 11 30  9 32 14 33  5 98  8 54  7  2  4 11  0 92  1 70  2 22 10 58 13 98  6  6
 4 82 11 51  5 23  1 91 10 72  6 92  3 14 14 87 12 30  0 34 13 51  2 38  7 21  9 36  8  4
 5  4  8 60  2 78  3 30 14 54  4 25 11  6 10 56  9 29  0  5  7 96  6 37 13 38 12 15  1 91
 0 92 12 39  9 94  1 82 13 40  3 83  8 69  5 35  7 86 11 83  2 22 14 40 10 94  4 65  6  2
 3 85 13 34  7 68  1 76  8 69 10 30  0 19  5 91  2  7  6 17  4 56 12 75  9 34 11 30 14 68
 9 96  6 83  5 26  2 69 11 35  1 79 12 69  3 27  8 79 13  5  0 84  4 76 10 68  7 69 14 29
11 91  9 30  1 37  0 79 14 21  4 80  5 99 10 66  6 86  7 87  2 86  8 79  3 42 13  8 12 66
10 67 12 18  7 81  8 72  0  6  5 17  9 89  2 62 11 67  1 44 14 91 13 49  4 69  3 80  6 72
 3 85 12 36  0 78 14 39  1 72  9 15  7 97  6 85 10  9  5 44  8 16 11 38 13 65  4 19  2 36
13 96  0 86  3 71 12 65  9 55  4 40 14 27 11 31  8 73  1 74 10 37  6 58  2 29  5 41  7 75
 6 61  9 48  8  7  2 60  0  4  4 29 14 72 10 19  3 90  5 98  7 34 13 31 11  2  1 64 12 11
13 69  9 96  0 97 14 24 10 98 12 57  3 32 11 88  7  3  6 26  8 80  4 71  5 52  1 25  2 61
10 56  0 71  5 55 13 23  9  4  6 72  1 89  7 93 12  7  3  1 11 62  8 46  2 45 14 83  4  5
10 69 12 58  9 68  3 51  4 71  1 78  8 60  2 82  5 29  6 49 14 53 13 64  7 43  0 53 11 64
 2 83  9 41  5  1 14 18 12 86  7  3  3 67 13 98 10 79  1 62  4 44  6 90  0  1  8 48 11 17
 8  5  6 89  4 60 10 93 11 64  5 35 14 96  7 67  1 44  2 36  0 13  3 67 13 35 12  9  9 90
 0 45  5 20 14 37  1 96  4 55  3 55 10  8  6 32  7 59  8 42  9 45 13 78  2 73 11 60 12 20
 1  7  2 27  6 92  3 21  9 27 14 31  0 80  7 70  4 48 12 86  8 70  5 65 13 51 10 89 11 38
13  8  3 65  7 44 11 96  1 15 14 64 12 72 10 82  2  7  5 74  0 10  9 19  8 23  4 60  6 73
13 42  7 40  5 14  0 43  3 69 10 21  2 70  6 39 12 25  8 73  4 46 14 43  1 53 11 87  9 79
14 78  3 99 12 94  9 43  2 65  8 39 11 31  7 31  1  5 10 44  4 77 13 95  0 76  6 88  5 80
 7 28 11 70  5 29  3 75 13 68  0 90 10 13  4 77 14 59  2 82  6 96  8 68 12 41  1 33  9 33
11 19 14 57  6  2  3 90  9 90  7 70  2 49  1 78  4 95 13 49  0 18  5 33 10 25 12 79  8 38
 7 39 14 22  2 15 13 40  4 93 10 99  8 77  9  8  5 82  0 90  6 63 11  7  1 45  3  2 12 91
 7  4  2 64  4 65 14 83  5 14  0 44  8 93  6 17  9 17  3 77  1  1 10 33 12 12 13 14 11 23
 9 14 11 85  1 31  7 30  5 56  2 87  8 24  0 93 13 94 12  9 10 39  6 39  3 41 14 43  4 57
13 40  2 61  3 59  1 85  0 20 12 39 11 56  8 44  5 98  6 68 10 16  4  6  7 86  9 91 14 61
12 80  3 49 14 49 10 71 11 90  5  4  9 16 13  8  4  2  7 49  1 84  0 89  8 85  6 20  2 26
 7 73  9 30  1 81 10 76 12 70  3 67  4 69 13 28 14 20 11 26  2 82  5 13  6 36  0  8  8 82
12 90  5 16  3 43 13 49  9  9  6 92  8 31  2 18  1 65  0 47 10 57  4 59 11 97 14 30  7  4
 4 51  1 65  0 46  5 44 14 50  2 31  9  2  3 85 10 70  6 23 13 69  7 79 12 64  8 37 11 14
 4 45 10 74 14 77  7 67  3 15 11 23  6 43 12 35  8 90  0 72  2 15  1 69  5 68 13 86  9 19
 3 68  8 92  1 28 14 83  4  8  7 29  6 95 10 90  9 37  0 55  5 67 12 52 13 65 11 50  2 56
 5 52 12 29  7 96  0 11 13 67  3 18 11 48  9  5  8 90  1 96 14 37  4 65 10 86  6 92  2 17
 4 78  0 43 14 12 13  6  2  7  9 34  3 18  5 58 11 86 10 26  1 22 12 81  8 70  6 74  7  7
 3 67 10 55 12 17  4 51  9 81  8 95 11 55  0 78 13 16  7 35 14 86  1 51  6 89  2 45  5 97
 1  3  4 61  6 28 13 41  3 20  0 95 14 35  9 29  8 32  2 55  7 75 10 99  5 81 12 70 11 76
 9 90  8 10 11 56  7 31  3 62  4 84  0 34  2 62 14 96 13 98  1 46 12 44  5 50 10 82  6 61
 4 33  7 71  6 58 10 74 11 20  0 49  8 55  5 67 13 67  3 55 12 71  9 38 14 91  2 41  1  2
12 83  4 62  3 78 13 54  5  8  9 13  2 26 14 22  0  4 10 75  1 33  7  3 11 97  8 57  6 19
10 49  1 16  3 58 13 12 14 89 11 48  0 18  5 84  2  4 12 43  7 98  9 97  4  7  6 12  8 51
11  1  9 23 12 94  2 82  8 45 13 18  3 82 10 89  1 48  5 20  7 52  6 59  0 88  4 84 14 17
 6 64  2 73  1 22  3 54 11 48 13 74 12 63  7 66  8 64 14  2 10 43  5 43  4 56  0 93  9 66
 7 83  4 95 10 77 13 50  0 22 11 59  5 83 12 97 14 36  6 93  3 91  2 30  9 81  1 33  8 87
 9 80  4 95 10 92  0  5  6  1 12 10  3 51 11 81  2 48  1  5  8 70  5 39  7 54 14 11 13 31
 5 77  9 23  4 88  3 79  1 85 10 24  6 84  0 87  7 20  8 18 12 20 14 15 13 41  2 47 11  1