130 15
10 13  0 28  4 94  2 86 11 83  7 47  3 63 14 88 13  5  9 99  6 87  1 68  5 83 12 17  8 52
 5 62 13 17  0 70 10 41  8 67  4 89 11 37  2 30 12 89  6 56 14 40  7 62  9 60  1 63  3 88
13 51  8 39  0 87  1 72  2 88  3 13  6 31 14 24 12 72  9 82 10 38  5 90  4 56 11  5  7 81
11 38  9 95  4  4  3 38  1 49 13  3  7  1  0 23  5 37  8 75  2 14 12 15  6 70 10 72 14 59
 5 42 10 92  4  8 12 97  7 17 14 11  6 43 11 69  3 25 13 67  1 84  0 21  2 95  8 91  9 77
 8 24 11 76 13 47  4 93  9 81  1 29 12 71  5 96  3 36 10  7  0 97  6 75  7 10  2 30 14 12
 2 25  1 78  8 68  6 16 14 99  0 78 12 36 10 58  5 36  4 83  9 25 11 55  3 28  7 56 13 45
 2 51  8 18 13 62  3 96  0 26 11 72  7 41  6 45 12 39 10 30  5 55  4  3  1 80 14  1  9 76
 7 89  1 85  6 19  3 27 13 36 10 11  0 46  9  5 14 72  8 86  5  5 11 65  4 57  2 81 12 50
 4 56  2  9 10 42 11 69  5 58  7 79 12 43  8 35  6  8 14 37  9 10  1 31  0 98  3 37 13 72
12 89  4 18  9 76  6 94 14 21  7 48  8 49 13 28  2 93 11 41 10  2  5 13  3 63  0 72  1 95
 6 54  1 12 12  8  4 53 13  8 10 59  2 43  7 33  8 50 11  1  9 61  5  7 14 36  3 43  0 90
10 82  3 44 13 65  5  1  9 66 12 71  4 34  1 78  0 26 11  1 14 39  2 64  6 41  8 71  7  3
 7 48 11 94 10 28  8 96 12 38 14 59  2 16  3 18  9 22  5 39  6 90 13 58  1 82  0 26  4 75
12 26  9 64 14 49  1 50  3  4  5 64  8 15 11 77  0 55  6 13 10 71  2 69 13  1  7  5  4 38
11 44 12 46  4 87  0 64  5 90  2 46  6 17  3 96  9 38  1 16 14 39  7  2 10 65  8 40 13 24
12 60 14 54  3 92  7 79  4 70  9 82  1  2  8 33  6 79 13 30  2 91 11 77  5 16  0  9 10 78
 4 83 11 50 10 24  7 21  0 81  9  4  1 76 12  9  5 41 13 28  2 93  6 30 14 67  8 33  3  1
 0 99 12 48 10 34  8 19 14 55  1 92  7 55 11 23  5 76  6 86  3 81  2 37  9 17  4 49 13 86
14 73  9 65 11  7 12 92  4 17  8 98  1 38  3 14  2 79 10 28  5  9  7  9 13 91  6 57  0 13
 7 92 13 95  8 29  5 67  1  6  3 65  0 16  2 55 12 46 14 84  6 18 11 78  9 72  4 82 10 51
 2 72  5 40  9 28  1 84  4  5  7 39 14 30  8 19 11 96  6 80 12 81  0 49 10 39 13 54  3 33
 6 37  1 34  2 78 13 47 10 10  0 12  5 30  3 59  7 10  9 37 12  7 11  7  4 92  8 60 14 97
14 15 13 16  2 85 11 49  0 61  9 80 10 22  4 65 12 13  3 82  7 19  6  7  1 42  8 27  5 82
12 10  7 94 10 63  6 32 14 87 13 92  4 88  0 11  2 66  3 73  5 24 11 63  9 65  8 70  1 56
 3  2  1 83  8 42  4 56  6 35  5 46  2 77  7 19  9 65  0 38 11 35 10 27 12 49 14 91 13 22
 5 60  3 19  8  8  4 40 10 45  0 85  7 11  2 82 12 45 11 52  6 44 13 55  1 50  9 10 14 63
10 31  8 40  1 70 14 48  3 38  7 18  6 10  4 50  0 92  5 76 12 90 13 21  2 29 11 43  9 93
14 74  3 55 12 85  9 41  8 51  4 48 11 27  5 23  7 24 13 13 10 70  0 77  6  1  2 35  1 82
 4 61  0 61  2 47 10 41  1 98  5 90  9 17  6 17 11 85 12 36 13 20  3 65 14 56  7 21  8 26
 2 55 13 74  6 98  5 24  9 48 14 36  3 85  8 51  1 23 10 97  4  8 12 19  7 75 11 77  0 80
 3 48 14 73  2 44 12 19 11  6  5 67  8 63  7 95 10 61  9 48  0 42  6 72  1 32  4 16 13  7
 5 99  4 83  1 84 11 47  0 13 12 18  3 17  9 91  7 67  2 39  8 51  6 50 10 74 14 22 13  9
 2 78  1 91 14 27 12 98  7  9  9 42  8 17  4 49  3 85 13 41  6 51 11 88  5 64 10 11  0 48
 5 79  2 44  6 84  7  6 13 31 12  3  0 32  1 40 11 19  3 67  8 59  4 50  9 74 14 57 10 31
 3 13  0 20  8 65  6 17  1 34 11 48  9 23 10 79  5 84  7 86 13 88 14 58 12 26  2  8  4 36
10  4  3 45  2 70 12 79  9 77 13 15  1 77  8 49 14 40  6 56  7 42  0 25 11 76  4  5  5 81
 3 93 13  6 11 88  6 10  8 91  7 99  2  7 10 52  5 68  9 47  1 53 12 56 14 64  4  8  0 68
13 54 14 18  9 19  5 85 10 57 11 75  6 98  1 74  4 66  8 98  3 56  2 88  0 95  7 66 12 97
 7  3  1 14 10 60 12 61  3  4  8 53  0 16  9 77  6 61  2 19  4 24 14 77  5  9 11 92 13 68
12 70  5 71  3 72  9 21  1 21  0 70 11 33 10 60  2 40  8  7 14 73  6 19  4 92 13 90  7 65
 6  1  0 32  7 69  1  9  8 66  5 83  9 21 13  8 10 88 12 71  4 29 14 82 11  9  2 53  3 51
 0 12  1 93 14 76  5 87  9 25 13 85  4 15  8 67  3 42  2 20 12 86  7 99 10 77  6 97 11 13
 2 77  9 21 12 21  8  2  4 45  6 85  3 29 11 22  1 26  0 84 10  8  7 65  5 88 14 58 13 30
 5  9  4 93  2 48 12 53  7 21  6 95 11 87  3 89  9 95 14 54 10 65 13 67  0 15  1 66  8 30
 1 46 14 10  9  6  4 45 11 22  5 26 13 15  3 48  7  3 12 94 10 44  8  1  2 56  0 19  6 60
 2  6  9 78  4  4 12 76 13 18  5 69 10 49 11 66  3 79  6 51  7 36  1 20 14 58  8 92  0 84
 5 69  0  8  1 33 13 75 12  9 10 60  7  2  8 42  4  9 11 77  3 33  6 54  9 74  2 53 14 77
 1 20  0 64  6 74  2 26  9 81 11 36 14 28  3 28 13 95  8  2 12 27 10 43  7 36  4 88  5  8
11 85  1  1  3 41  5 31  6 10  9 21  2 80 12 88  7 95 13 92  4 34  0 57  8 93 14 63 10 89
12 97  9 90  3 62  2 48  7 59  5 19 14 63  1 29  0 55  6 19 11 21  4 40  8 80 13 40 10 45
12 62  8 33 13 67 14 50 10 25  2 22  9 94  1 43  7 75  6 68  4 33  5 95 11 79  3 38  0 95
 0  7  7 11 12 23 13 81  3 46 10 67 11  4  2 74  1 93  6 47  8 33  9 34 14 93  5 25  4 94
 8 47 11 84  0 68 12  9  6 79  1 77  7 97  4 71  3 11 13 74  9 52  2 19 10 30 14 40  5 83
 6 80  5 25 12 64  4 68 13  1  8 81 10 23 14 71 11 45  7  1  3 69  0  1  1 15  2 55  9  9
13 25 14 31  8 72  9 85  3 47  4 33  1 41 12 29  0 78  2 63  6 38  7 57 10 95 11 45  5 88
 2 20 14 39  6 96 11 23  3 37  1 95  0 83  5 83 10 99  8 17  7 12  9 20 12 30  4 93 13 65
 9 99  6 63 12 71  8  3 10 56 13 24  7  2  2 38 14 71  3 30  1 54  0 41  4  2  5 48 11 47
 3 33 13 60  1 38 11 48  4 47  6 78  0 69  5 69 10  6  9 15  7  7  8 17  2 83 14  3 12 59
 1 69  4 85  0 56 13 88 10 45 12 95  9 59  8 55  2 45  5  4  6 55 11 50  7 80  3 30 14 71
11 69  5 17  3 95 13 70  7 16  8 71  0 78  1 87 12 12  2 69  9 45 14 75 10 20  6 24  4 27
 2 34 13 37  5 70 11 61  1 41  9 94  7 24 12 69  8 93  3 61  4 57  6 33  0 75 10 67 14 58
 1  9  0 76  9 25 14 34 12 97  6 82  4 98 13  4 11 71  3 95  8 97 10 84  7 22  5 13  2 88
 8 70 14 20  0 11 10 47  6 48  7 25  2 76 12 52  3 15  5 14  4 62  9 18  1 70 11 77 13 28
 9 16  3 86 14 14 12 52  4 24  0  1  1 76  8 51 11 23  6  5 10 58  2 72  5 52 13 73  7 63
11 19 13 28 14 29  3  5 10 90  0 15  4 10  9 61  7 36  2 55  6 30  8  7  5 34  1 63 12  1
14 41 13 76  8 63  1 93  4 21  0 23  7 50  5 93 10 41  3 60  2 49  9 51 11 79  6 52 12 42
 0 63  8 34 10 98 12  1  9 60  4 50  2 88  6 46 13  3 11 55  1 60  7 44 14 64  3 67  5 79
10 26  0 57  3 43  7 43 11 37  5 66  4 68 14 22  2 25  1 11 13 29 12 22  9 78  6 97  8 83
 2 24  1 68  5  4  3 89 13 56  6 79  0 25  8 60 10 67 11 45 12 85  4 69  9 13  7 97 14 28
 4 39  5 45  7 81 14 19  6 32  0 11  2 95 12 51  8 88  3 83  9 24 10 32 11 32 13 25  1 40
 9 31  3  4 12 56 10 65  6 81 13  5  5  7 11 58  8 42  2 71 14 88  1 14  7 28  4 38  0 42
 5 66  6 66 13 78  2 40  3  3  8 74  9 47  7 70  0 17  1 65 14  1 12 58  4 14 10 95 11 85
 6 86  9 99  8 31 13  2  5 43  0 80  2 76 12 85  1 19  4 55 14 44  3 45 11 98  7 51 10 99
 1 99  9 35 11 65  6 46  4 99 13 49  8 40  7 96  0 39  5 60  3 49 10 40 14 65  2 83 12 86
10 51  3 14  0 93  8 61  4 90  6 87  9 12 14 25 13 84 12 48  7 14  5 90  2 31  1 11 11 72
 9 91  8 24  5 84  1 77  7 36 11 65 10 28  6 74  2 88  4 75 13 77  3  1  0  7 12 40 14 99
 2 67  3 15 11 51  6  9 13 42 10 12  1 86 14 21  9 96  4 95  8 53  7 41  5 69 12 29  0 45
 5 49  3 99 11 73 14 97  1 82 12 66 10 94  7 27  0 65  4  9  2 95  8  4  6 44  9 32 13 11
 8 27 13  8  1  5  3 71 11 98 12 86 10 74  6  7  5 18  4  8  9 74 14 48  2  2  7 26  0 32
12 76  3 65  4 27  0 14  7 56 14 12  6  3  8 60  9 22  1 54 11 31  2 50 13 13 10  4  5 20
 9 96  2  4  7 92 12 79  4 26  8 40 14 93 11 90  5 65  0  9  3 90 10 40  6 62  1 90 13 76
 1 24  2 33 12 17  7 50 14 96  8 98 13 82  5 84  4 47  6 35  0  3  3 21 11 22  9 63 10 15
 8 56  0 22  2 79  4 40  3 78 11 80 14 28  9 67  6 65 13 70 12 71 10 80  7 35  1 68  5 78
 6 42  8 66  5 16 14 78 10 57  9 95  1 67 13 14  4 93  7 10  0 44 12 41  3 75  2 26 11  6
13 30  0 13  6 13  8  7 12 84  5 27  9 58 10 54 14 74  3  4  4 26  1 38  7 51  2 89 11 17
 4 88  0 33  7 80 11 25  3 98  9 37  2 45  5 41  8 47  1 34  6 47 12 96 13 20 14 65 10 57
 3 46 13 10  6 48  8 56 12 64  5 47  0 42  1 35 14  6  7 56 11 16  2 98  4 58 10 43  9 68
11  3  5 43 10 44 14 31  9 74  7  2  3 97  4 11 12 69  1 98  6  3 13 44  0 65  2 87  8  1
 3  8  7 68  0  9 11  8 10 52 12 93  2 61  6 41  4 74  8 75  5  6 14 76  1 69  9 84 13 96
 3 99  1 28  4 60 14 35  9 75 12 18  0 45  5 79 10 33  2 79 13 54  6 41 11 24  8 21  7 50
14 29  4 95  7 71  1 72  2 46  0 13  9 86 12 34 11 93  3 37  6 13 10 18 13 95  5  3  8 23
 5  8  2 60  6 57  4 53  1 12 11 75 12 66  3 73  8 35 13 13 14 71  0 12  7 88  9  7 10 14
 4 90  9 47 10 72 11 78 13 52  1 96  6 84  3 34  5 99  2 87 12  8  0 21  8 18 14 46  7 24
13 41  6 83  8  8 11 21  9 32  3 59  4 68  5 80  2 82  7 55  1 28 12 17 10 80  0 63 14 47
13 94 14 51  7 49 11 85  9 20 10 20  0 75  8 53  3 59  4 17  1  7  5 87  6 13  2 48 12 75
12  6 14 93 11 56  5  7  0 97  9 45  6 51 10 55  4 51  8 29  3 90 13 74  2 64  7 10  1 10
 3  5  1 90  5 72 10 33  9 77  0 46 14 66 13 52 11 29  6 84  8 81  4 21  2 31 12 24  7 82
 0 82 14 54  1 30 11 31  6 95 12 87  8 77  2  8  4 14 13 50  7 64 10 53  5 64  3 83  9  6
14 83 13 32 10 92  9 86  4 78 12 85  7 46 11 51  5 99  2 58  0 71  8 71  3 21  1 58  6 55
14 99  0 38  2 49  6 23  5 58  7 57 11 30  3 39 10 32 13  5 12 53  1 87  9 22  4 39  8 18
 1 33 13  2 10 10  5 17  4 65 12 35  2 68 14 53  9 47 11 60  7 35  3 28  6 32  0 23  8  1
13 36  2 48  1  5  6 94  0 85  3  8 14 77  5 18  7  3  8  4 12 27  4 99  9 36 11 35 10 23
10 80 11 42 14 50 13 77 12 24  7 54  5 85  6 95  1 41  2 91  9 11  4 84  3 61  0 63  8 44
13 56 12  7  5 57  2  4  1 99 10 58  0 21 11 54 14 48  7 13  6 20  4 43  9 97  3 33  8 14
 5 89  2 17 13  1  9 27  8 70 11  5 14 98  0 77 12  1  3 91  6 19  4 44 10 71  7 61  1 96
11 64  0 11 12 58  5 83  3 13  7 50  9 62  4 98 14 10 13 86  1 97  8 45  6 93  2 40 10 50
 8  9 14 42 12 10  4 50 11 87  0 21  3 95  2 94  9  8 10 55 13 96  1 77  6 64  7 10  5 50
 7 62  0 88  2 54 10 67  5 62 14 22  4 93 13 44  6 75  8 73  9 87 12 32  3 56 11 38  1 95
 1 84 13 98 10 49  9 24  6 29  4 57 14 37 11 78  0 67  5 73 12 65  8 36  2  1  7 12  3 42
 9 36  5 87  2 91 12  6  1 46 13 68  7  9 10 52  4 49  6 37  3 66  0 14 14 29  8 86 11 38
 8 36 13 77  1  6  6 87 12 47  2 91  9 27 11 38 14 60  5 46  7 72  3 18  4 98  0 17 10  3
 2 65  0 31 14 78  5 84 12 99  1 73  9 14 13 92  7 76  4 92 10 87  3 55  8 89 11 54  6 95
 7 73 13 63  2 49  0 52  1 52 10 60  8 18  9 90 11 39 12 25 14 85  4 41  3 69  6  1  5 63
 3 99  8 60 10 11  7 70  1 42 14 51  5 84  4 10  6 68 13  8  9 59  0 40 12 31  2 53 11 48
 2  5  7  5  0 18 13 80  5 53 12 35 10 37 11 36  4 42  8 50  1  4  3 75 14  8  9 19  6 39
 9 72  7 74 11 70 12 48 13 21  0  3  8 53  6 92 14 31  3  2 10 22  5 57  2 41  1 80  4 71
 0 86 12 91  6 29  2 15 10 31  8 54  5 99  3 48 14 99  4 95 13 34  1 79 11 46  7 48  9  2
 8 45  1 74 14 75  4 67 12 50  9 31  3 72 11 24  5 66 10 73  0  8 13 10  2  3  7 11  6 59
14 11 13 69 12 99  3 61  6 80 11 85 10 44  9 25  4 82  2 73  8 40  7 51  0 80  5 67  1 16
 9 95  8 41  4 67  3 84  5 55 13 92 12 62  7 33 11 71  0 23 14 72 10 72  6 45  1  2  2 83
11 86 13 27 10 77  7 10  0 85  4 21  5 50  9 81  1 49  8 88  6 22 14 46 12 20  3 86  2 87
 5 20  8 59  9 98  4 97  0 26  7 12  3 81 11 22  6 83  1 73 14 48 13 11 10 43  2 50 12 37
10 98  7 39  3 65  0 23 11 54  9 61 13 93  5 53  8 61 12 42  1 37  4 46  2 16  6 33 14 27
10 48  5 77 13 87 14 28  2 66 12 11  3 12  9 88  1 31  4 12  0 48  8 56  7 80  6 12 11 67
13 25  0 74  6 60 10 13 12 87 11  7  3 97  9 92  2 47  4 50  8 88  7 38  1 22  5 75 14 44
 3 19 12 41 10 86  2 36 14  3  4 25  8 42  0 47  7 71  9 81 13 91  6 72  1 78  5 59 11 89
 8 83  7 38  6  6 14 58  3 16 13 24  1 38  0 67 10 19  4 57  2 87  9 34 11 53 12 91  5 17
14 57  6 35  9  6 10 34  3 43  5  6  0 51  7  1  2 54 12 29 11 74  4 35  8 60  1 31 13 54
 5 25  9 12 13 54 11 31  7 49  8  3 14 64 12 30  2 42 10 21  6 41  1 53  0 87  4 22  3 79