150 15
13 13  2 53 10 24  8 54  3 37  5  4  9 93 12 30  7 35 11 79  0 26  1 43  4 33  6 58 14 16
 8 47  2 52  9 68  0 49  4 10 14 38 10 28 13 69 12 60  6 88  1 28  5 63 11 26  3 49  7 90
14 78  1 57 11 72  7 65  9 15 13 35  5 76  3  5 12 99  2  5 10 30  0 90  4 11  8 71  6  2
 0 23 11 29  1 70 12 30  3 63 14 88 13 12  2  5  7 71  9 55  4 89  6 47  5 97 10 75  8 27
14 34  4 13 13 93  6 31  2 61 12 43  8 45  9 59  3 49  7 81 10 99  5 20  1 17 11  7  0 54
 5  7  2 81 11 14  9 39  6 10  4 97 14 88 12 22  7 13  3 26 10 74  0 97 13 45  1 24  8 76
 1 79  3 38  9 85 10 90  8 98  2 94  6 79  5 87 12 44  7 53 13 94 11  4 14 82  4 88  0  2
 7  7  5 28  4 67  6 53 14 56  8  4  2 11 10 76 13  7  9 74  1 47 12 49  0 94 11 80  3 94
 3 46  0 76  9 63 10 71  2 94 13 76 14 60 12 82  1 90  4 16 11  1  6 57  7 20  5 37  8 39
 5 57  8 58  0 13  7 14  6  6  3 82 13 15 11 91 14 97  2 31  4 95  1 16  9 83 10 14 12 75
 4 54 14 14  7 56  8 53 10 86  3 96  0 42 11 59  5  5  2 39 13 72  6 31  9 45  1 37 12 74
14 73  8 16  3 44  4 16  1 35  9 40  6 27 10 39  2 64  5 91  0 92 13 49 12 58  7 58 11 94
 5 31  4  7 13 14 12 61 10 66 14 10 11 38  8  6  3 66  9 92  1  9  6 38  2 61  0 81  7 15
 7 31  8 96 13 94  4 75 11 34 12 80 14 79  5 52  1 98  6 27  3 97  2 91  9 75  0 90 10 45
12 87 10 30  2 11 11 25  9 27  8 17  6 61  5 79  1 87 13 46  4 92  7  6  3 16 14 93  0 84
 8 10  2 48  6 25 13  4 14 77  9 10  4 60  5 41  0  6  3 99  7 56 10 21  1 91 11 44 12 55
14 55  7 24  3 89 11 91  9 91  5 55  6 74 10 90  8 68  4 55  1 65 12 67  0 76  2 42 13 50
 6 97 13 52 11 95  1 88  0 80  2 63  5 90 12 11  4  7  7 47  9 74 10 60  3 48  8  7 14 48
 1  6  6 93  0 72  4 52 11 31 14 33  5 20  3 20 10 13  8 52  9 23 13 54  7 67 12 22  2 73
14 67  2 43  7 36  8 30  1 92  9 28  4 60 12 84 10 33 13 80  3 73  5 88  6 97  0 84 11 13
12 31  0 42  8 91  6 52 14 32  9  4 13 87 11 80  7 28  5 27  2 89 10  6  4 55  3 75  1 60
 9 94  7  9  4 77  3 49 14 40  1 79 13 12  2 10  0 82 12 62 10 40  6 35  5 40  8 75 11 19
 5 52  8 18  9 34  3 20 12 42  6 21  2 71  0 25 13 76  4 46  1 83  7 71 11 87 14 48 10 95
 0 77  2 34  3 35  1 39  7 60 14 58  8 49 11 52 13  9 10 91  6  4  9 44 12 49  4 48  5 52
 0 69  3 90 10 36  4 33  8 13  5 15 12 98  7 15  1 22 11 18  2  7  9 65 14 80  6 45 13 97
 0 30 11 68  9 96  5 30  2 24  4 66  8 85  1 42  3 12 13 29 12 69  6 69 10 22 14 37  7  8
14 20  8 64  7 49  1 54  9 12  4 29 13 67 10 80  5 75 11 12  0 76  2  1  6 40  3 94 12  8
 0 79  8 57  4 10 13 40  5  5  2 20 14 13 11 65  3 45 12 76  7 50 10 73  6 57  9 43  1 46
10 84  0 74  9  7  5 82  7 85  2 79 12 28  4 12 14 59  8  8  3 23 11 22  1 26 13 17  6 14
 6 23  5 75  7 26  1 30 12 95 14 85 13 97 10 54 11 87  3 29  4 84  0 91  2 32  9 57  8 96
 3 69  5 52  9 63  0 80  6 37 11 41 13 73  7 84  8 65 10 87 12 91  1  4 14 33  4 54  2 66
 5 63  4 91 11 72  7 92  0 30  3 49  8 28 12 39  6  2 10 61  9 34  2 99 14 74  1 87 13 29
 0 29  1 32 13 11  4 42  2 21  8 93  7 25  3 37 10 40  9 17 12 61 11 43 14  4  6 54  5 66
12 84  0 81  8 42 10 45  2 67  7  6  9 61  4 18  6 85 11 78  5 45  1 95 14 43  3 36 13 22
10 74  0 22 13  6 12 73 14 55  1 28 11 13  6 95  4 63  9 12  8 42  5 99  7 88  3 45  2 19
 3 81 12 15 10 73  2 27  1 89 13 75 14 83  9 48  7 72  8 50  6 34  4 32 11 56  0 90  5 29
 1 30  0 32  7 29 10 18  4 31  3 86  5 87 14 30  6 23 13  2  2 51 11 16  9 55 12 37  8  1
 1 50  7 49  5  2 13 54  2 79  0 63 14 79  9 64  8 48 10 58  3 74  4 36 11 52  6 56 12  7
 1 44 14 99  2 56  0 52  5 35 11 56  4 41 10 51 13 18  7 93  6 95  8 86  9 68 12 61  3 62
 0 31 13 90 14 99  3 15  4 54 10 45  6 46  7 79 11 49 12 99  2 48  1 59  8  8  5 42  9 59
10 40 14 51  9 87  2  3  4  2  7 80  1 35 13 46 11 79  6  3  8 40 12 91  0 76  5 14  3 10
 5 81  4 41 14 11 11 25 13 42  7 76  6 97  0 81  9 70  2 18  3 68 10 64  1 17  8 54 12 84
10 57  6 98 11 38  7 93  2 52  4 54  8 71  0 61 12 20  5 87  3 30 13 28  9 76 14  2  1 44
10 58  5 26 11 42  7 50  0  9 14 33  6 68 13 23 12 95  4 51  2 15  8 88  9 58  3 27  1 79
 2 61 13 88  4 51  7 78  5 92  8 74  3 38 14 64  0 96  9 83  6 58  1 62 12  5 10 15 11 43
 7 53 12 30  4 15  8 96 14 41  5 93  3 25  0  1  1 71 10 48  2 16  9 20 11 52 13 88  6 77
 7 23  0 25 13 43 12 94  9 59  6 29  1 37  2 97  5 61 11 46  8 58  4 63 14 56  3 12 10 10
 2 18  0 13 11 65 13 60  5 21  8 11  3 40 12 52 14 80  6 78  7 91  4 72  9 31 10 75  1 64
12 15  1 39 14 15  0 22 11 75  3 48  4 89 10 96  5 34  2 55  8  6  7 92  9 18 13 84  6 24
 1 15  9  1  8 39  5 66 11 43  0 33  2  5 12 17 13 46 10 65  6  2  4  8 14 83  3 83  7 21
11 73  1 82 13 18  7 98 14 75  3 10  5 87 12 54  4 56  8 98  0 72  9 31  6 67  2 53 10 64
 3 51 12 62 11 73  2 49  0 92 10 85 13 40  5 80  9 88  4 88  7 73  8 51  6 12 14 76  1 38
 4 47  9 97 11 92  3 26  8 90 13 99  5 50 10 76  1 54  2 17  6 46  7 34 14 23 12 43  0 42
 8 88 10 25 13 93 14 87  5  4  0  8  9 40  6 13  2 27 11 95  3 17  1 24 12 36  4 70  7 46
 4 14  2 29  5 66 11 94  3 86  8 57 10 29  0  8 12  5 13 58  1 52 14 85  6 35  9 41  7  5
12 82  9  8  6 11 11 37 14 11  7  9  0 35  8 76  4 23 10 11  1 80  5 20 13 69  3  6  2 58
14  9 10 73  8 72  3 10  0 93  7 11 11 33  2 42  9 58 12 93 13 77  5 60  4 20  6 86  1 51
 8 89  1 25  6 45  5  5 13 74  9 22 12 63  4 15 10 63 11 29  0 65  3 41  2 85  7 16 14 56
 8 39  2 81  9 95 10 63  4 48  1 60 12 78 13 35  6 99  7 47  0 87  5 58  3 52 14 31 11 62
 2 54  5 11 10 59 12 37  7 10  4 13 11 87  0 39  8 92  9 35  3  3  6 86 13 47 14 94  1 50
 3 59  6 22  2 45 11  4  8 69 14 27  0  9 10 25  9 48 12 71  1 12  7 59  4 18 13 40  5 32
 1 80  5 99  2 61  7 20  3 39 12 38 13 96  4 92  8 86  0 73 10 67 11 32  6 15 14 77  9 45
 5 63  6 46 14 56 10 70  4 85  0 34 11 81 12 54  9 30  7 62  8 41  2 56  1 96  3  5 13 76
 8 48  6 98 14 50 11 74 12 48 10 83  2 64  4 26  1 18  3 93 13 62  7 56  0 73  9 22  5 51
10 23  2 17 13 50 12 73  0  1  7 85  8 61  9 19  6 58  3 78  5 74  1 99 11 24  4 54 14 29
11 44  8 69  3 74  4 80 13 61  6 37  5 17 10 75 14 32  0 14 12 85  7 41  1 96  9 26  2 12
 5 38 10 13  4  8  3 50  1 11  9 54 11 52  6 82  2 25 12 28  8 96  0 16 14 35 13 36  7 27
13  2 14 20  7 57  5  4  1 49 12 93  9 22  4 96  6 78 11 51  0 95  3 66  2 31 10 99  8 98
 4 61 12 98  8 42  7 15  2 90  9 51  0 10 11 16  6 93 13 15 10 26  3 26 14 39  5  1  1  7
 2 76  1 89  5 63 12 46  3 72  8 20 13 10 10 47 14 49  6 34  7 84  4 61  9 66 11 71  0 13
 4 61 10 60  7 63  6 34  3 27 14 67  0 69  2 58 12 16  9 97  8 36  5 74 13 92  1  5 11 95
13 38 10 46  0 90  7 59  4 77  8 37 12 57  2 82  9 17  3 26  1 99 14 60 11 30  6 54  5 54
 8 63 14 90  0 20 13 30 11 44  2 37 10 11  7 97  4 50  1 11 12 86  3 19  9 43  6 75  5  2
10 48  0 92  1 63  3 85  4 11  7 69 14 25  5 62  8 58 12 37  9 32  6 76 11  1 13 53  2 94
 1 35  4 92 11 88  2 38 14 23  8 37  5 39  6 21  0 77  7 61  9 97 10 88 12 87 13 33  3 53
 7 51 12 82 11 56 14 99  6 95  2 42  1 13  9 81  3  4 13 84  5  9 10  9  0 10  4 53  8 55
 7  9  2 13  5 30  9  8  4 67 10 39 11 44 12 64  1  9  3 66  0 10  6 68 14 64 13 57  8 53
13 12  1 32  8 65  2 77  7 23  4 75 11 71 14  6  3 61  9 20 12 31 10 20  0 57  5 37  6 18
12 32 14 45  1 17  2 32  6 15  0 90  7 17  9 70  5 38 13  3  8 23 11 94  3  4 10 57  4 93
 1 16  3 27  9  4  6 11  7 17 10 85  2 14  4 29 14 82 11 78  8 49  5 17  0 55 12 70 13 46
 9 28 13 27  7 16  1 53  0 88  6 16 14 31  2 92  5 41  8 54  4 60 11 70  3 62 10 12 12 16
 3 16  8 17 11 31 12 16 14 52  5 52  1 94  0 29 10 46  6  7  7 94  2 34  9 28 13 37  4 42
 1 33  6 15 10  6 13 81 11 57  8 95  2 83  3 45  9 92  5  2  4 84  7 79 14 99 12 34  0 57
 5 54  3  3 14 43  8  5  1 23  9 69  6 39  0 45 13 41 10 27  7 55  2 17 12 16 11 21  4 58
 2 68  9 73  6 47  5  6  4 92 14 34 13 57 12  7  8 91  0 81 10 12  7 59  1  8 11 12  3 33
 8 34 12 50  5 69  0 11 14  2  1 29 10 53  4 14  3 86 11 28  7 27 13 90  9  4  6 54  2 12
 5 37  1 71 14 18  0 70 13 72  6 29  9 59  3 69 10 53 11 47  2 87  7  5  8 55 12 54  4 57
 9 62  4 62  7 69  6 60  5 91  3 81 12 64 14 50  0  3 13 51  2 72  1 41 11 17 10 86  8  7
 4 22 12 21  2 53  3 20  9 54 14 12 10 32  1 10  6 53 13  8  8 98  5 61 11 30  7  8  0 16
 3 70  5 27  0 53  2 62 12 47 11 68 14 36  4 69  1  3  6 37  9 36 10 99  7 71  8 40 13 62
 3 41  2 51  1 63  7 53  5 14 13 39  8 11  6 19 11  2 10 91  9 34 14 47 12 44  4 30  0 96
 8 57 14 72  2 99  0 99 13 28 10 38 11 74  9  9  5  6 12 45  6 72  1 65  3 71  4 33  7 92
 1 18  3 50 11 65  4 11  7 38 12 41 10 13  9 98  8  9 14 94 13 83  2 70  0 55  6 37  5 50
 2 33  7 15  1 39 14 77  8 16 10 12  9 50  4 96  5 52 12 99 13 31  3 13  6 81  0 57 11 54
 5 27  8 97 10 62 11  9  9 49  7 75 12 22  4 79  1 65  0 91 14 15  2 25  6 30 13  5  3 85
 6 65  0 99  5 22  3 82  2 36 13 29 12 87  7 21  4 93  9 67  1 70  8 65 11 20 10  6 14 98
 1 10  7  3  4 55  0 93  6 76  8  6  5 91 13 86 12 89  3 70  2 66 11  1  9 70 14 50 10 20
 3 53  8 97  6 25 11 20  5  2 10 14 12 51 13 46  7 66  9 10  2 48 14 39  0 22  4 63  1 47
 0 76  8 74  5 88 14 77 10 39  1 48 12 12 13 60  3  6  4 34  9 52 11 92  2 91  6 40  7 88
10 61 12 85  7 99 14  8  0 17  3 94  4 18  8 24  5 71  1 71  9 94 13 17 11 82  2 50  6 75
 5 15  2 51  9 57 10 14 14 25  8 10  4 54 13 98  6 26  0 73  7 67  3 75  1 48 11 45 12 22
13 27 14 42 12 40  9 48  7 67  1 48  5  8  6 52 11 54  8 69  3 37  4 14  2 41  0 20 10 15
13 98  3 44  6  8  0 95 14  9 10 51 11 25  7 22  1 72  8 32  4 50  5 91  9 73  2  8 12  4
14 17  7 86 13 94 12 37  8 37  3 35  6 42  4 84 10 95  0 23  9 49  2 33  1 32 11 94  5  3
11 76  4 43  2  9 14  4  1 86  6 17  9 79  7  6  5 79  0 92  3 46 12 92  8 19 10 12 13 54
 1 61  0 18 12 81  4 18 14  1 13 79  2 36  5 11  3 58  6  9 11 78  7 90 10 14  9 37  8 69
 5 36 11 91  2 89  8 63  9 35 10 63  0 22 12 62 13 50 14 32  3 83  6 51  7 92  4 32  1 82
 4 22  3 51 13 77 11 90  7 28  8 24 10 38  2 28  9 95 12 99  6 15  5 69  0 52 14 76  1 89
12 33  5 81  7 98 11 76  9 11  8 75  6 58  4 26 14 69  3 95 13 79 10 66  1 10  2 37  0  7
12 75  6 17  3 24  4 29 10  3  5 54  2 14  9 22  0 40  7 41  1 31 13 48 11 43  8 67 14 27
13 74 10 24  2  2  9 45 11 64 12 11 14 90  6 45  0 54  3 47  5 35  7 88  4 12  8 24  1 54
 3 41  2 45 14 59  4 69 10 77 13 18  8 22  9 68  1 29  7 78  0 63  5 57 12 31 11 79  6 13
 5 21 14 36  2 85  9 69 11 33 10 90 13 66  0 53  4 95  8 91  1 54  6 12  7 31 12 51  3 43
 2 99  6 30 14 84  9 30 10 61 11 15 12 75  7 74  5 54  0 71 13 98  8 25  4 74  1 88  3 20
11 93  0 97  3 77 12 89 13 92  1 70  8 29  9 27 10 64  5 98 14 37  4 49  7 45  6 80  2 30
14 89  4 22 13 52 10 23 12 77  5 27  9 60  2 41  3 59  8 66  7 39  0  1  1 57 11 23  6  5
14 72 12  8  5 33  9 92  2 24  1 35 13 96 10 54  6 23  3 72  8 35  0  3  7 45 11  8  4 93
 7 19  1 64 10 32 13 54  9 96  0 60  5 29  2 85  4 61  3 58  8 63 12 46 14 59  6 18 11 96
 5 35  3  1  1  8 12 53  2 40  8 99  4 71 14 29  6 49 13 88  9 10  7 36  0 39 10 44 11 68
 7 98  9 27 14 74  0 17  3 50  1 11  5 59  6 65 12 27  8 68 10 65  4 14 13 14 11 30  2 89
 3 27 13 46 14 10  6 55  4 68  7 75  0 21  8 22 12 34  5  4  1 43 11 36 10 97  9  9  2 31
 1 70 14 30  0 71 13  1 12 93  8 49  9 37  6  6  2  2 11  2  3 61  7 36  4 77  5 29 10 98
 7 80  6 77 10 72 11 73  8 36 12 82  5 59  2 53  3 44  4 69  1 90 13  1 14 81  9 48  0 72
 5 12  8 11  9 63 14 54  7 62  3 37  6 88  4 82 10 20 13 78  2 62  1 67 12 59  0 87 11 66
 5 80 14 80  2 52  7 56  0 85 10 24  1 31  9 59  4 53  8 13 12 50 11 30  3 46  6 81 13 28
 6 97  3 38 13 84 12 81  4 31  9 31 10 76  2 47  1 28  5 35 11 78 14 44  8 52  0 19  7 95
13 29 14 71  9 90  6 69  5 51  1 27 11 61  2 70 10 10 12 49  8 99  7 11  4 10  0 12  3 68
11 10  6 21  4 20 14 21 13 48  1 69  3 81 12 89  9 78 10 77  5  4  2 57  0  3  7 23  8 23
 1 45 10 27  6 49  9 41 13 82  4 45 11 24  5 43  7 95 12  2  3 71  8  6  2 70 14 52  0 21
13 46  8 70  3 52  6 74  4 40 14  6 10 53  9 25  7 70 12 94  2 41 11 29  0 14  1 53  5 24
 1 31 13  1 10 20  6 45  2 36  9 46  7 91  3 81  4 84  8  6 12 73  0 41  5 82 14  7 11 26
14 64  5 79  0 52  1 98 12 40 10  9 13 16  2 87  3 40  9 82  7 36 11 39  8 56  4  2  6 57
 2 62  6 84 13 44 14 41 10 93 12 52  8 50  4  9  0 18  5 80  3 30 11 53  7 48  9 96  1 41
11 57 13 18 12 88  5 71  8 43  9  8  7 25  0 80 10 38  1  8  2 94  4 26  6 17 14 38  3 43
 2 57  1 80  5 64  7 17  6 27 13 80  3 85 10 30 12 90 14 79  4 51  0 57  9 72  8  9 11 46
13 74  0 98 10 51 12 89 14 69 11  8  5 48  8 72  1 61  7 36  4 82  2  9  6 40  9 87  3 45
13 84  2 63 11  8  9 93  3 82  8 81  4 43 12 60  7 46  1 68 14 85  0 75  6 92  5 65 10 43
 8 21  9 49  0  4 10 44  2 73 14 54 11 40  1 24  3 11 12 36  7 63  5 75 13 44  6 98  4 54
 4 22  9 47  7  8 13 54  2 25  0 27  5 36  3 63  6 67  1 97 12 74  8 47 10 21 14  7 11 79
10  4  4 37  0 18  2  2  6  8  7 64 11 84  3 73  9 47 12 42 13 44  8 16  1  2 14 96  5 60
 5 19 10 37 13 26  4 33  6 98 11 78 14 70  9 88  1 41 12 60  0 10  3 76  7 84  2 90  8 40
 2 91  0 14  6 88  4  8 12 91  9 46  1 67  3 31 11 36 10 45 13 16  5 29  8 39 14 54  7  2
12 21 14 62  0 71  4 41  2 69  6 77  3 98  8 11  7 70  5 84  9 71 10 23 13 16 11 59  1 92
14 26  2 68  3 74 11 14  4 88  6 65 12 92  7 96 13 90 10 43  0 69  8 12  5 79  9 20  1 19
13 93 10 40  1 12  8 83  3 26  6 28  7 63  2 71  0 87  5 70  4 67 14  7 12 92 11 65  9  4
 2 14 13 85  1 28 10 46 12 92  7 66 11 82  5 17  4  5 14 34  6 84  9 34  3 40  0 32  8 89
 5 20 11 44  3  9  7 78  6 53  2 80 14 78  4 69  9 68 13 29  8 30  1 94  0 27 10 35 12 19
13 94 14 55 12 83  1 75  2 64  7  2  4  4 10 15  9 18  6 70  0 77  8 47  3  2 11 67  5 93
10 95  4 83  5 91  9 30 14 85  2 60  0 54  3 47  6 80  1 95 12  6  7 85 13 70  8 39 11 24
 4 82  0 26 13 34  2 35 12 13  9 58 14 98  7  6  3 39  8 48  6 58 11 31  5 15 10 75  1 84