200 20
13 13 19  9 17  3 11 16  3 38 12 74  5 75  1 54 15 17  9 28 16 59  4 99  8  4  6 37 10 97 18 87 14 62  7 38  0 10  2 15
10 26 14 95 17 57  5 57 18 75 15  5  8 50 11 54  6 28 13 36  9  4 12 32  7 74  1 17  4 50  3 75 19 57  0 45 16 40  2 75
15 20  5 17  3  9  2 38  0 94 16 41 11 25 19 54 17 50 12 44  6  8 14 52  9 22 18 68  8 50  1 49 13 33 10 64  4 81  7 67
 7 43 18 92 14 37 15 48 19 93 12 32 16 62 10 86  4 13  2 85  8 92 11  7 13 76  1 20  9 48  6 52  5 32 17 48  0 58  3 71
12 39 17 80  0 48  1 96 10 50  7 89 19 27  2 33  9 18 15 65 16 85  6 51  4 83  5 39 13 68 11 12  3  4 14 10  8 57 18 64
 5 83  3  4  2  6  9 42 11 12  8 30 10 47 13 58  7  7 15 70  0 70 14 87 17 50  1 95 12 44 19 75  4 36 16 38 18 95  6 60
13 35  0  8 11 32  1 19 12 26  5 12  9 91  4 64  8 64  7 31 15  1 19 42  6 86 16 25 14 53 17 51  2 53 18 42 10 42  3 10
 6 94  5 93  8 74  9 51 10 39 18 85 19 72 11 13  4 37 14 55 13 19 16 25 12 98  3 54  2 56  0 43 17 93  7 60  1 86 15 62
 6 25  2 54  0 60 14 74  8 73  3 92  4 26 17 72 19 27  5 86 18 23 12 76 15 75 11 79  7 33 16 90  9 92 10 45 13 95  1 92
19 32  8 10 15 45 13  3  1 51  2 78 14 76  7 35  0  5  6 10 17 43 12 67  5 32 16 60  4 73 18 15 11 32  9 15 10 42  3 11
16 46  7 37 10 66 17 92  5  9 12 67 14 71  0 76  6 72  4 22 11  7 18 86  9 57 15 70 13 55 19 58  8 38  2 28  1 96  3 24
 4 27  8 28 16 24  3 69  7  9  0 53  6 61  2 46  9 58 19 54 18 36 11 15 14 56 12 71 15 73 17 39  5 57 10 10  1 96 13 29
16  7  6 92  4  9 18 12 19 93 13 16 12 84  3 94  1 76 17 49 10 50  8 65  0 10  9 24  5 42  2 41  7 40 15 73 11 98 14 42
16 35  8 23  4 31  3 74 13 75  9 68 10 72 17 24 12 65  0 23 11 77  2 42  1 10  6 40 19 87 14 35  7 30 18 91  5 63 15 38
 9 28  7 31  6  6  4 10 16 54  5 60 10 84 12 28  0 39  1 12 18 56 13 46  8 35 17 49 14  3 15 19  2 72 11 24 19 49  3 29
 6 56 15 22 12 90 13 69  5 24 16 71  9 28  4 21  8 14 19 60  1 44  7 78  0 19  3 58 17 12  2 52 18 98 10 81 11 88 14  1
 7 55 17 46 14 18  0 83 19 98 16 14  2  8 15 50  6 48  9 17 11 15 10 39  3 71  4 42 12 86  8 30 13 58  1 14 18  7  5 74
16 65 11 69 19 16  5  9  3 91 18 83  7 22  4 86  6 91  8 96  9 88  2  5  0 21 10  8 13 48  1 14 14 52 12 55 17  2 15 15
 7 30 10 48  1 39 19 73  2 12 13 17  4 97  6 25 12 90 15 72 18 64  5 82 11 61  8 33  9 19  0  1  3 66 17 91 14 84 16 26
13 19  1 43 19 77 10 57  3 37 12 55  9 53 15 10  6  9 11 83  0 28 17 71  2  4 18 90  8 34  4 86 16 34 14 96  5 40  7 23
 7 95 12 86 10 58  6  9  4 95  5 67 11 84 13 69 19 65 14 97  0 97  3 54  8 15  2  9 15 61 16 63  1 39  9 71 17 81 18 17
 8 34  1 26  4 28  3 67 11 25 13 73 18 30  0 15  7 43 16 44  9 32 14 20 19 16  6 28  2 68  5 82 10 20 17 95 15  9 12 33
16 55 19 76  9 16  3 80  8 70  7 57 11 68 18 28  0 77  6 55  4 49 13 16 10 55 12 64  5 63 15 28 14 26  2 98  1 81 17 53
14 54 18  8  2 24  1  8  7 92  0 88 13 60  5 33  6 17  4 71 17 30 16  4  9 96  8 66  3 35 11 46 12  2 15 47 19 10 10 17
 3 49 19 53  8 60 18 78  2 93  6 78 11 76 14 85 10 81 15 93 13  3  9 43  5 91  0  6  4 81  7 27 17  9 12 61  1 21 16 10
 5 35  9 37  1 24 18 74 13 95 10 32  0 75  6 14  7 67  4 91  8 63 11 93 17 55 19 88  2 32 12 97 16 42  3 58 15 81 14 44
18 65  7 79 11 24  3 66  6 63 13 88 19 25 15 41 17 52  0 33 16  2  5 95  1 49  9 44  8 51 14 43  4  9 10  3  2 40 12 77
 6 90 14 77  0 32 11 69  4 42 17  4  9  3  3 29 18 68  8 63 16 88 19 78  1  9 12  8 13 67  5 79 10 81  2 54 15 56  7 46
11 11  8 48 14 87  4  8  5 66  9  8  7 41 18 99 13 18 10  5  2 34 17 95 16 17  0 11  3 25 19 32  6 37 12 92  1 93 15 69
14 93 16 46  6 58 13 64 12  7  9 80 15 16 17 35  2 84  4 81 11 19 10 61  7 47  5 23  1 93  8 65  3 12 18 48 19 96  0 75
 3 36 15  2 16 90 10 57  6  7 18 12 13 95 19 14  9 77 12 15  2 55  7 27 17 75 14  4  0 10  5 69 11 13  4 84  1 72  8 47
 6 39  8 77 16  8 19 53 15 50  3 14  7 14  9 58 13 43  2 54  4 95 10 40 18 87 11 18 14  7  0 90 12 31  5 81 17 34  1 94
 3 33 17 29  0 43  8 85  2 57  6 32  9 44 13 57 19 15 10 60 12 80  4 97 11 32 16  7 15 70  5 37  7 55 14 29  1  9 18 87
 2 51 11 49  8 53 18  1  0 37  9 83 15 84  7 36 13 89 17 43  3 29 16 34  4 26 10 37  1  2 12  8  5 20 14 80  6 24 19 23
 7 16 18  3  2 87 19 63 16 61  3 75  4 95  1 72 13 36 11 27 10 11  9 67  5 63 12 88 14 30  0  2 17 66  8 83 15 94  6 90
13 60 16 49  8 48 10 64  3 74  4 31 18 68  5 99 17  1 15 96 12 72  0 49  7 48  6 53  2 10 19 54  1 35 14 46  9 27 11 65
 3 64  6 51  7 66 10 13  8 51 16  8 19 58 13 94  1 88  9 88  0 23  4 18 15 15 11 15 12 57  5 33 18 23 17 50 14 95  2 24
18 57  4 39  3  3 11 80  6 61  0 76  8  1 19 84 17 53  7 65 16 59  9 64  5 52 12 87 14 38 13 44  2 32 15 61 10 89  1 37
10 78  0 62 14 74 16 17  4 79 19 32 17 74  7 58  6  6  3 88 18 74  2 63  9  8 15 71  5 84 13 49  8 20 12 50  1  2 11 17
 1 51  7 96 16 59 12  9 19  2  6 28  2 26 17 29  8 70 11 10  4 44 14 71 15 77 13 16 18 10  5 80  0 37  9 61  3 13 10 62
 8  4  3 14 12 24 17 11  4 93 11  3 10 49  5 75 15 35  6 93 14 40  1 96 18 75 16 95  2 71  7 98  0  3 13 12 19  1  9 72
 0 72  9 54 12 43  4 61  8 94 13 90  3 33  2 39 16 10  5 45  7 10 10 86 19 98  6 63 14 86 17 47 11 74 15 45 18  5  1 90
10 85  0 90  8 45  1  4  5  5 17 38 19 22  3 92  4 10 14 20  2  6  9 32 12 45 13 48 18 96  7 73 15 34  6  9 16 37 11 20
 7 67  8 20  3 85  9 46  1 19  6 74  0  5 18 76 17 60  5 85 16 84 10 50 14 12 12 17 15 84  2 79 13 76  4 36 11 86 19 58
15 93 12 21  3  1  7 12  1 67 19 88 16 24 17 42  0 63 14 45  6 80  8 26  2 13 18 54 13 46 10 59  9 53  4 40 11 34  5 97
 9  3 13 25 19 56 10 39 16 21 17 88 14 19  4 37  7 43  1 49 15 22  2 54  5 40  0 25 11 29  6 38  8 76 12 10 18 32  3 19
11 84  0  1  5 40  4 18 18 68 17 48  8 37  9 57 10 66  1 90  7 50 16 30 12 52 14 73 13 66  6 60  2 75 19  3  3 21 15 41
 4 42 16 66 19 59 13 49  8 87 15 16 14 69  5 24 10 86 18 57  7 21 17 36  2 15 12 38  6 42  0  9  3 51  1 22 11 63  9 22
19  6  9 28  5 80  0 51  2 29 11 68  3 71 10  5 18 73 17  7  7 32 15 13  1 81 13 39 12 75 16 50  6 33  8 75 14 40  4 10
 3 28 15 26 13 68 19 58 14 12  6 48  1 83  5 67  8 54  9 36 18 30 10  6  0 41 16 52  2 76  7 66 17  9 11 49  4 69 12 48
15 87 17 47  6 10  2 41 14  2  5 27  4 46  8  2 12  6 16 30  7 31  3 32 18 18  0 37 13 19  1 30  9 42 10 75 11 34 19 44
 8 98 18 23 14 27  5 28 12 27  2 11  6 39 10 12 13 40  0 84 11 32  4 91  7 26  9 13 15 81 17 59  1 64  3 99 19 70 16 56
14 22  8 63 11 36 17 32  2 81 12 95  3 31  7 38  1  2 13  2 19 56 18 19  5 92  6 23  9 90 10 17 16 54  0 80  4 65 15 87
13 12  0 85  3 12  1 88  9 57 14 39 17 18  2 89  4 18 11 45 19  2 16 93 12 86  5 43  7 36  6  3 18  9  8 33 15 10 10 12
12  2  3 65  1  5  7 58 19 57 15 17  9 18  6 73  5 53 17 97 18 20  4 60  2 59  0 82 11 22 13 83 10 62 16 23  8 23 14 31
 2 57  4 42  1 29 11 65  0 54 10 89 16  3  8 52 14 74 13 62 19 24  9 10 15 65  7 83  6 84 18 95  3 38  5 46 17 49 12  4
 0 22  1 11  2 71 14 99 13 94 18 56  8 34  5 32 10 49 11 65  4 23  3 93 12 71  6 73 16 85  7 65 17 20  9 99 19 58 15 66
14 67 13 81  7 12 15 64 19 24 10 70  0 36  9 54 12 94  8 82  2  8 17 64  4 20  6 44 11 74  1 25  5 64  3 31 16 27 18 14
15 61  8 22  1 74  2 46 18 62 17 74  3 45 10 86  7 39 19 37  9 62  6 54 14 91  5 64  4 66  0 98 11 30 16 12 12 60 13 73
19 44 15 48 13 16  0 37 11 72 14 74  6 53 18 73  3 23  7  4 17 14  9 97  2 11  5 59 12 40  1 11  8  8 16 38  4 99 10  1
 1 86  4 66  8 87  6 43 11 41  0 15 14 16  2 97  5 60  7 25 13 19 10 38  3 86 19 69  9 64 18 46 12 57 15 38 16 42 17 15
12 91  1 43 14 77  5 66  7 86 17 54  8 45 11 92  6 63 10 76  4 22 18 13  2 56 15 98  9 79 13 92 19 44  3 24  0 84 16 43
 1 14 17 56  6 21  0 83 12 34 10 62 18 41 11 45 19 81  7 35  4 58 13 14  8 55 14 54  3 29 15  2  9 11  2 67 16 63  5 41
13 51 18 41 10 66 19 60  0 78  6 27  9 32  3 92 15 42 17 33  7 71  4 23  5 64  1 50  2 98 11 19 16 49 14 36 12 97  8 96
19  3 10 13  8 59  4 41  6 84 17 61 15 22 13 53 16 96 18 62  3 61  9 59  2 71  1 38  0 17 14 95  7 65 12 24  5 62 11 56
15 75 18 66 17 70 10 30  3 89  6 68  0 86 11 79 16 54  4  2  8 15  1 41  9 45  5  1  7 66 19 50 12 91 14 33  2 78 13 15
11 67  0 86 17 78 16 80 12 94 19 48 14 21 15 50  6 26  7 40  4 19  2 15  1 10  9 47 13 24  8 73  5 17 10  7  3  9 18  3
18 40 10 96  4 63 15 33 19 24 17 54  6 16 13 20  0 38 16 39  3 38  7 38 12 77  5 12  1 91  2 97 14 72  8 89  9 79 11  9
10 58  6 44  1 82  3 15 12 63  9 13 11 13 18 46  7  9  2 15  8 60 15 56 16 29  5 62  4 21 19 85 17 10 14 11 13  6  0  9
19 52  3 43 18 90 11 71 12 84 14 87 17 82 10 63  5 21  7 50  9 22 13 59  4 98  6 84  8 64 15 46 16 35  1 32  2 28  0 32
 6 52  2 54 16 29 12 88 10  5 19 37  1 59  0 39 11 54 15 86  7 15 13 11  3 38 14 53  8 90  9 98 17 99 18 94  5 87  4 73
 2 98  4 99  5 48  8 56  1 89 14 56 11 80 10 61  7 42 16 26  0 92 18 80 12 75 19  6  3 20 15 55  9 83 13 85 17  9  6 79
 4 82  7 24 12  6 16 63 10 67  3 44  2 73 15  2  5 26  0 25 14 30 13 69 19 29  8 26  6 33  1 20 17 64 18 37  9 99 11  2
 3 64  6 18  5 67 16 24 18 47 12 47 11 49  8 18  0 72 15 47 14 86  7 62 19 98  9 79 17 20  1 68  4  5 13 52 10 68  2 35
 7 45 11 28 16  1  2 31  4 49  3 93 15 10 18 77 17 29 19 80  6  7  0 85  8 94  5 54 13 37 14 38  1 89 12 34 10 38  9 19
15 29  8 82 19 69  0 54  7 61 12 39 17  4 13 64 11 52  9 10  4 28 18 96  1 17  5 95 14 28 10 61 16 43  6 80  2 21  3 19
 3 65  0 90 19 62  5  9 17 90 16 91 12 82  6 56  8 69  9 72 13 33 10 23 11 61 14 53  4 97 18 62 15 88  2 43  7 62  1  8
 1 88  6 96  7 61 18 60 11 40 15 51 14 42  9 50 19 81 12 92  5  3 16 29  0 54 10 93  8 86 17 87  3 65  2 19  4 28 13 62
 6 49  1 12  3 87 18 97 16 40 15 93  9  9 11 18  2 37  4 33 14 50 19 48  8 94 17  7  7  8 12 91 10 25  5 30 13 31  0 34
19 31  3 21  4 95  7  6  6 69  5 87  0 48 10 82  2 83 16 88 17 37 13 31  9 86  1 87 11 73 15 77 18 17 12 53  8 24 14 43
19 17  1 61  7 31 10 80  8  9 18 62 11 47  4  8 14 77  6 79 12 26  5 48 13 69  2 62 16  4  0 91  9 23 17 21 15 87  3 61
 5 49 19 19 12 67 16 34 15 14  1  5 13 76  0 21  8 79 10 16  9 83 14 53  4 88 11  7 17 80  6 18  7 98  2 36  3 31 18 63
17 21 13 24 16  1  1 63  9  4  6 32 15 77 18 74 14  2  5 93 10 21  2 39  3 28 12 44 19 37  0  7  7 72  8 31 11  6  4 42
15  7  6 28  4 46  9 40 18 79  0 78 13 75 19 49  1 82  3 72  2  8  7 14 17 47  5 77 10 42 16 58 12 97 11 79  8 73 14 35
 4 72  2 47  8 10  0 57  6 45  1  9 13 38 10 12  5 36  9 13 18 19 19  6  7 33 14 51  3 12 16 88 15 53 17 67 11 15 12 16
 7  7  9 26  5 97 14 38  6 89 13 83 10 12 18 93 17 35  8 66 16 90 19 16 11 66  4 16 15 91  3 84 12 87  1 72  0 25  2 23
 7 38 19  7  4 37 14  7 12 47  2 32  5 94 16 17  9 84  6 55  8 82 18 84 10 23 13 22  0  7  3 97  1 60 17  2 11 52 15 39
 5 26 18 10  0 90 16 77  8 64  7 92 10 24  1 66 19  5 15 89  3 36  9 94  2 56 14 28 17 52  4  3  6  9 12  7 11 32 13 44
 1 47 10 27  9 57  6 66  2 71 17 96  7  1  4 32  8 57  3 44 14  4 16 11 12  4 18 68 13 91  5 15  0 88 19 36 15 73 11 16
15 82  8 63 12 68  6 68 14 11  4 11 17 60  9 66  0  2  7  1  1 16  5 45 19  8 18  3  3 46 16 71 10 40 13 96 11 56  2 20
18 32  4 16 17 85  9 59 13 66  2 90 12 79 10 47  0 60 11 53  7 25  8 14  6 76 15 41  5 39  3 32 19 50 14 68  1 41 16  3
 3 39  5 28  8 16  1 31  9 70 13 97 14 19 18 46 19 37 16  7 12 23  0 19  7 38 11 98  2 94 15 15  6 81  4 72 17 24 10 18
14 64  6 14 15 97  2 70 12 34 17 40  9 20  4 18  1  5  7 22  0 57 10 10 19 40 18 93  3 75  5 34  8 37 11  6 13 99 16 46
 1 80  8 82 13 74  9 53 12  1  0 81 18 51 15 86 19 99  3 50  7 22  2 80  6 86  5 62 11 60 17 69 16 21 10 32 14 50  4 81
18 48 10 32  3 89  9 13 19 98  4 12 14 75  7 40 12 59  5 59 16 16 17 25  0 77 13 75 15 51  8 27  2 40 11 26  1  9  6 50
 4  6 12 31 14 53  3 97 10 20  7  5  1 86  2  1  6 80 17 84 11 73  5 98 19  1 15 23  0 34 16 17 13  3  9 11 18 78  8 27
13  1  2 43  8 58  5 75 14 38 15  3  1 15  6 34  0 27  7 67 18 55 19 91 16 68 10  1  3 21 12 82  4 72 11 26  9  7 17 52
11 16 16 25 12 63  5 77 18 70 13 25  3 18 15  2 19  1  8 71  6  8 14 46  0 11  9 75  1 18 17 91  7 53  4 79  2 79 10  2
10 76 11 89 15 61 17 28  7 92  8 27 16  4 13 60  9 15 19 21  1 85 18 84  5 83 12 82  4 66  0 60  6 52 14 44  3  6  2 91
10  1 17 14  9  2  6 49  2 36 16 74  3 58 13 75  5 92  4 74 12 14 14 79  8  5 11 52  0 98 19 23  1 64 18 84  7 36 15 77
 4 79  0 26 19 38  5 77  7 32 18 42  3 71 16 78 12 21  8 65  9 77  6 13 13 59  2 81 17 52  1 52 10 33 11 50 14  2 15 82
10 88  7 73  8  2 12 62 15 82  3 92  1 73 14 99  5 46 11 84 18 39  2 82 17 90 19 73 13 10 16 53  4 81  6 21  0 22  9  1
 0 87 17 24 10 97 18 75  8 53  5 33 12 43 16  3  4 96  1 54  3 81  6 89 19 33  2 57  7 31 15 43 13 20 14 83  9 72 11 46
10 91  4 23  1 35  7 53  5 52 18 59  0 24  6 72 17  9 19 14 15 47  3  9 13 22  2  3  8 35 16 76 12 10 14 70  9  7 11  4
11 54  8 37  3 95 19  9  6 69 12 33  5 53 16 90 10 73  1 13  7 79 13 21  4 97 17 63 14 26 15 77 18 66  0 61  2 64  9 37
 5 95 17 92 15 31 11 88  1 68  8 37  9 83 13 15 16 41  0 56  3 80  7 55 19 88  2 85 10 17 18 21  4  1 14  7  6 26 12 72
 3 50 16 87 13 17 14 20 12 60  2 14 15  7 17 52  7 96  5  4  0 75  6 76  8 21  4 10  1 55 11 98 19 90  9 53 10 95 18 92
15 74  8 74  9 31  7 13  5 82 12 92 19 91 11 80 13 65 10 67 14 51  1 82  3 93 16 36  2 57  6 37  0 75 17 11 18 62  4 89
13 67 19 97  0 76 16 22  7 89 18 10  6 57  8 37 10 93  4 78  1 28  9 22  2 41 12 87 11 13 17 58 14 90 15 84  3 91  5 25
 2 52  3  9  0 10  1  3  4 18 18 51  7  2  6 97  5 20 15 30  9 58 11 19 16 44  8 51 12 92 14 94 10 52 13 73 17 68 19 25
18 88  3 43  2 64 14 42  8 98 15 40  9 17 10 14  1 48 16 90 12 62  6 49  0 69 11 51  5 50 17 69 13 80  7 77 19 95  4 71
 3 59 19 27  4 34 18 93 13 79 12 84  5 63  9 44 10 35  1 80 16 34 17 32 15 40  6 77  7 22 11 76  0 68 14  8  2 39  8 79
 4 73 10 27 11 40 12 82  2 88  5 60  6 52  8 22  9 42 14 80  1 35  7 41 13 88 15 69  3 37 19 62 17 26 16 47  0 65 18 38
 2 90 18 41 17 63 19 79  7 54 13 81 10 16 15 92  0 23  3 36 16 24 12  7  1 64  6 85 14 14  9 71  8 33  5  9  4 77 11 50
 7 10  1 34 15 34  8 31 19 68 11 28 17 33 16  3 10 56  9 18  6 17  2 32  0 67 14 11  4 20 18 37  3 86 12 80 13 81  5 82
 1 83 14 74 16 37  4 76 17 92 19 19  8 77 10  1 12  4  2  6 11 28  6 32 15  8 18 50  7  3  9 55  3 54 13 18  5 34  0 41
 5 95 14 56  8 41 13 89  3 49 10 40  7  4 18 19 19 24 11 22  6 53  2 27 17 67 16 79 15 31  9 34 12  5  0 64  1  5  4 65
 5 69 18 18 17 80  0 72  3 10  7 30 13 91 15 67 16 85  4  1 11 78 10 42  8 19  2 31  1 80  6 37 12 69 19 71 14 66  9 59
14 95  5 79 17 83 19 74 16 22 12 56  1 25  9 26 11 12 13 34  4 15  6 30  8 92  0  4 15 16 18 24  7 49  2  7 10 72  3 40
18 80  4  2  5 49  9 51 11 74  3 95 10 11  7 17  8 67  6 17 13 88 17  6  2 34 19 19 15 51  0 84 14 56 16 59 12 58  1 86
 2 77  6 66  9 76  7 26  8 97  1 98 11 67 17 28  5  8 12 24 10 47 19 50 16 35 14 38  0  8 18 73  4  1  3 40 15 83 13 19
19 77  4 82 17 55 14 76  6 73  9 72  1 92 10 94  2 59 12 99  7 11  3 95 16 78 18  6  5 74 11 91  0 30 15  5 13 13  8  6
17  8 18 42 11 50 19 54 10 86 15 67  6 51  7 65  9  2  4 41  5 41  2 94  1 29 14 33 16 96  8 70  0 13  3 18 13 84 12 23
 3 15  6 69 11 40 15  5 16 74 18 30 17 48  8 63  7 69  2 44  0 90 10 66 12 59 14 14  5 27 19  5  1 89 13 19  4 39  9 41
 7 42  4 21 12 28  0 72 17 97  3 41  8 28 15 13  1 76 18 78 13 55  9 35 19 72 16  5  6 55 11 33 10 19 14 85  2 59  5 90
 2  3  8 33 18 96 16 55  5 79 17 27 12 53 10 28  9 50 15 16  0 48 13 24 11 74  1 20  7 73 19  1  6 68  4 37 14 82  3 61
 0 41  3 93 18  3  7 89 12  6 10 79  4 66 17 25 14 77  6 88  2 10 16 28  1 63  9 46  8 81 19  3 15 75  5 27 13 90 11 74
 5 45  9 67 13 50  1 40 10 90 14 56  8 61  7 48 19 82 11 81  3 52 16 71  2 41 18 43  0 11 17 76 12 98  4 59 15 95  6 88
 5 13 19 99 11 61 10 24 13 27 15 85  1 36  2  7 16 19  3 60  0 48  8 16 18 31 12 71  4  9  9 90 14 69  7  2 17 32  6 26
19 77  1 70  7  6 17 66  2  4 10 41 15 40  6 77  4 83 13  9 18  7  8 53 11 84 14 78 16 99  9 15  0 69  5 34  3  5 12 35
17 88  4 90 15  6  1 10 16 26  8 20  6 30 18  1  2 44  7  3 11 49 10 56 12 14  0 68 13 85 14 64 19 15  9 86  5 12  3 83
13 11 12 99 14 57 16 28  2 59  9 74  5 10  6 92 15 89 11 71 17 51  1 57  0 70 10 56  3  8 19 24  8 38  7 93 18 91  4 60
 3 95  2 51  9 64 14 80 15 62 12 98  5  6 17 83 10  3  0 86  8 75  4 16  6 62 19 34 11 22  7 57 13 84  1 93 18 46 16 15
 2 38  8  2 15 56 13 59 19 98  9 31  1 90 14 64  5 64 11 58  7 55 17 67 12 19  4 76  0 77 10 71  3 58  6 37 18 18 16 76
12 55  7 57  5 77  1 75 14 38  6 15  0 15  2 60 11 93  9  7 17  3  4 26 13 49 15 64  8 87 19 46  3 25 16  6 18 93 10 86
16 82 17 93  2 91 12 32  8 51  0 59 10 76  3 11  4  2 14 33 15 18  6 45 13 24 19  3  7  2 11 18 18 74  5 63  9 89  1 48
 3  5 11 38 16 91  5 57  4 51  6 61 12 49  9  3 19 11 10  7  1 81 13 43  7 85 18 70  8 80  0 71 15 81 17 50 14 61  2  8
 0 41  4 96  8 86 14 99 10  7 19 37  3 62 13 51  2 43 17 54 15 50  9 85 18 41 11  8  7 79  6 17 16 13  1 53 12 80  5 31
14 85  7 80 16 15  9 14 17 49  0 37 13 50 12 48 18 20 19 84  8 89  6 83  4 95 11 52  5 23 10  6 15 42  2 59  3  4  1 50
 6 51  3 46  8 78 13 14 19 68  7  9  1 39  5 59  2  2  9 48 18 44  4 40 10 81 15 78 14 50 12 95  0 34 11 35 17 97 16 20
10 62 19 25 14  1 12 16 18 52  4 45  7 57  1 97  2  3  8 68 17 20 13 20  6 24 15 28 11 44  3 21  5 90 16 37  0 77  9 42
 4 27 10 81 18 25 16 18 17 25  2 13  0 38  1 72  8 19  9 74  5  9 19 72 12 92 14 85 11 47  7 91  3 21  6 92 15 41 13 67
 7 66  3 89  2 38 13 49 17 22  0 44  9 46 10 96 19 69 12 65 18 33  5 94 11 60 14 21 15 43 16 59  6 69  8 74  4  4  1 77
 6 68  7 50 10 23 15 70 12 20 13 52  4 62  1 72 18 33 14  5  3 51 11  7 19 51  5 90  0 78  2 22 17 92  9 13 16 98  8 18
19 81  8 23  2 61 14 58 18 81  3 50  4 95 13 83  0 30  9 60  5 57 17 61 15 58 12 19 11 10  6 25 16 15  7 67 10 60  1 62
18  6 11 74  0 98  4 28 19  3 15  4  3 86  1 53 16 56 14 75  2 69  5 89  9 63 13 29  6 40  8 92 10 45 12 71 17 71  7 83
 5 56 18 68  2 45  8 79  7 51  0 36  9 20  6 25  3 90 16 27  4  6  1 38 17 78 19 84 12 81 11 78 14 27 13 98 10 45 15 55
 1  3  9 65  8 85 16 70  2 94 13 11  4  1  5 30 10 97  6 75  0 69 14 20 12 22 17 80 18 92 15 48 19 86  7 73  3 14 11 29
17 71 13 41  4 54 18 17 10 93 14 59 11 56  1  1  9 50  8 69 15 13  5 35  7 65  6 26  2 18 19 33 16 15  0 98  3 47 12 97
 6 32 19 36 15 31  1 10  4 24 10 87 11 53 16 49  2 95  8 54 18 56  7 98  9 94 12 29  5 87 14 61  0 96 17 59  3 82 13 94
14 78 11  3 10 51  8 87 18 28 12  1  7 90  1 12  4 37  0 64  5 55 13 91 16 70 17 38  9 25 15 10  6 40 19  3  3 47  2 13
10 73 17 11 19 83  9  7  4 16 12 46 11 61 14  8  8 48  7 76 18 18  5 57 15 16  6 93 13 78  3 34 16 84  2 86  0 59  1 70
 5 80 17 39  9 12  0  9  8 39 13 78  4 19 19 29 11 36 12 42  3 20  1 41 10  7 14 99 18 85 15  5  7 55  2 94 16 66  6 81
 9 37  7 22  4 35 17 26 14 92  5 35  6 41 15 45 19 90  1 55  8 47  0  9 13 22 10 30 11  8 12 56 18 57  2 87  3 45 16 31
 8 90 13 39 11 10  2 20 19 91  7 55 15  9  5 63 16 51  0 56 18 46  9 49 17 31 12 17  6  1 10 17  4 94 14 40  1 70  3 80
 4 52 18  8 16 89  5 83 14 50  0 46 12 53  7 54 17 66  6  8  3 16  8 37 11 40  9 43 19 19  2 81 13  6  1 46 10 35 15 56
16 97 14 64  0 66  8 97 18 66 17 84  9 97 19 28  4 73  7 34 12 32  3 77 13 27 10 11 15 81  5  3 11 50  6 45  2 22  1 12
 8 77 10  8  2 83 13 60 16 35 18 61  3 44  1 36 14 75  7 69  6 23 15  6 17 14 12 15 11 29  9 94  5 60  4 33 19 30  0 98
 1 21  7 54 18 42  9 89  4  8  2 13 19 40 11 24  3 29  6 30 16 74 15 27 10 98  8 76 14 60  5 74 13 24 12 85  0 28 17 49
18 16 13 31  5  8 16 24 10 55  9  9 15 79 11 52  1 67  4 69 14 84  0 76  3 44 12 50  8 86  2 28  7 84 17 24 19 36  6 18
11  8 18 40  7 91 16  4 14 94  4 14  2 34  6 32 13 86 19 85 10 19  0 37  9  4 15 69  8 43 17 55  1  1 12 72  3 24  5 52
 8 85  9 31 12 29  3 30  1 84 17 14 13 80 18 22 10 65 15 28  6 96  7 56 16 71 19  2  5 65 11 40  4 73  0 46 14 19  2 54
 5 54 16 59 19 46  8 87  3 83  6 54  9 52 18 68  7 67  1 74 17  7  4 60 11  5 13 26  0 81 12 67 10  2  2 25 15 28 14 89
16 88  7 71  4 79  6 10  1 19 15 91  8 18  9 82  3 25 13 65 17  1 11 74 12 33  2 62 18 15  5 29 10 42 14 29 19 71  0  2
 5 97 13 48 12 70  3 15 15 69  2 52 14 86 10 72  0  4  9 28  8 48 19 12 16 11  6 10  4 94 11 24  1 86 17 12 18 33  7 53
 3 83  0 14  4  6  9 56 11 20  5 24  8 35 12 39 13 45  2 98 17 31 15 68 19 59 18 27  6 47 10  5 16 91 14 54  1 19  7 83
 6 13 19 91  1  6 14 83  3 46  2  8 10 99  4 35  0 52 12 31 16 98  9  4 15 15 11 29  7 78 13 76 17 62  5 47  8  5 18 61
 8 51 11 49  3 66  2 43 10 94 16 94 15 20  1  9  9 35  4 35 19 45  5 14  0 93 13 71  6 86 17  2  7 15 14 94 18 13 12 37
 8 29 10 30 14 63  4 63  5 75 12  9  0 14  2 56  9 88 15 35  6 84 16 69 19 88 18 11 17 92  7 80 11 53  1  1  3 63 13 28
 6  1  2  5  7 25  4  3  8 44 19 99 10 72 11 70 16 60  1 44 17 64 14 98 18  7  9 81  5 17  0 26 13 94  3 82 15 27 12 83
16 10  8 53  0 44 18 32 14 20 17 48  9 93 19 11  3 36  2 16 10 79  5 34 11 15 12  3 15 91  4 91  6 79  1 85 13 73  7  3
10 59  9 50 15 71  3 63 16 92 13 30 11 18 12 86 17 91  1 74 14 36  8  5 19 51  6 23  4 43  0 47 18 22  7 64  2 60  5 38
 8 86 10 14 11 19 19 38  4 96  1 86 16 70  3 29 18 96 14 71  9 55  7 56  0 70  5 22 17 91 15 85  2 35  6 44 12 49 13 93
12 99  7 25  1 81 16 18  0 26  6 24 13 81  3 93 14 77 17 11 15 36  9 14 19 29 18 69 10 62 11 12  5  3  8 53  4 23  2 60
 6 83 16 37 18 33  0 31  8 86 17 78 12 91  3 95 11 87 10 97 13 94 15 20  7 97 19 49 14 58  4 16  1 57  2 46  9 67  5 25
10 49  8 19 16 83  4 60 17 93 11 91 19 11  9 77 12 77  0 84  5 97 18 31 15 11 13 14 14 34  7 22  6  8  2 99  3 27  1 44
 0 68 18 78 15 62  7 78  9 50 19 84 16 68  6 91 13 29  1 99 17 81 11 72  2  5  8 34 12 53 14 65 10 67  4 90  3 81  5 61
 0 68 15  2  6 17  4 18 10 88 14 21 13 49  3 26 17 51  9 31 19 65  1 63  2 61  8 91 11 38 12 95  7 53 16 63  5 99 18 79
18 30 17  1 15  9 11 98 13 32  1 77 12 41  5 15  7 81  0 74  9 78  2 69 16 89 19  3  8 25  3 83  6 98 14  9  4 67 10 92
 1 97 18 66 15 95 10 94 13 75  9 71  8 13  7  3  4 87 11 85  6  4  3 96  0 98 16 17 12 80 19 46 14 37  5 24  2 61 17 36
10 47 16 40  9 14 18 46  6 53  2 29  1 81  0 30 11 85  4 84 14  6 15 13 13 32  3 92  7  5  8 40 12 89 19 20 17 69  5  6
12 15  5 10 10  9 17 32 18 16  7  3  4 35  8 79 15  4 16 20 13 82  6 70  0 43 14 22  9 50 19 16 11 18  2 27  1 78  3 15
12 13  4 99  7 78  2 77 13 81 10 65  3 23 18 98  0 76  6 17 15  4  5 47  1  4  9 33 19 42 17 19 11 76 16 81  8 66 14 29
 1  1  2 23  7 79 16 81  8 99 15 39  0 25 14 74 19 96  3 19  5 34 17 43 10 59  6 44 13 79  9  4  4 19 12 91 18 27 11 45
18 28  9 54  4 91  6 97 17 56 19 68  8 70  3 62 12 90 13 69 15 21 16 30 14 53  0 22 11 55  5 51  2 39  7 53 10 35  1 91
11 26  9 98  3 50 17 42 15 50 16 90 18  7 10 68  7  2  2 88 19 86 14 31  0 28  5 48 12  3  8 19 13 11  4 93  6 42  1 40
10 25  8 25 19 50 12 79  4 54 16 24  0 10 14 74  2 45 18 59  5 59  1 86 17 12  6 94  7 41 13 90 11 88 15 66  3 72  9 58
10 34 11 72  1 53 13 67  3 83  6 29  5 43  0 27  7 94 14 30 15 63  9 99 19 93  8 50 18 78  4 52  2 23 16 52 12 40 17  7
15 19  9  1 10 85  3 19  1 73  8 62 14 21 19 14  2 38 13 33 12 70  7  6 17 66 16 25 18 41  6 99 11 57  0 87  4 91  5 19
18 34 12 53  1 28 19 87 16  7  8 23  2 25 14  8 11 14  7 83  3 10  4 51  5 47 13 95  6 64 17 37  9 45 15  4 10 62  0 27
14 28  9 92  6 13 12 28 13 70 16 38  2 49 11 52 19 27  4 83 17 17  8 27  5 19 15 82  7 98  0  4  1  8 18 97  3 28 10 29
14 30  4 94 17 95  7 93 19 67 16 24  0 62 11 88 15 85  8 23 18 62 10 32  6  9  2 63 12 72 13 28  5 82  1 83  3 99  9 89
 4  4 15 64  3 43 10 73  7 96  5  1 12 60  0 43 17 38 18 90 14 58 13 12 16 57  1 55  2 86  9 86  8 54 11 18  6 91 19 71
 2 94 19 75  5 12 11 44 12 78  4 36  0  2 18 19 13  1  7 32 16 52 10 92  1 51  3  2  9 55 17  6  6 38  8 83 15  1 14 88
 1 11  5 86 18 60  6 81 19 81  9 10  3 58 14 86 13 46 12 79  7 24 15 40  8 76  2 33 10  7  4 59 11  3 16 53 17 22  0 67
18 10 11 46 13  2  2 63 10 84 15 18  0 86 19 36  1 24  9 13  3 11  7 36  8 85 12 16  4 34 17 45 14 85  6 65 16 80  5 37
 5 50 17 19  2 77 18 25  4 33 12 46  9 81  1 96  7  2 14 27  3 19 15 49 16 25 19 42 13 93 10 96  6 72 11 13  8 97  0 84
12 81 14 41 13  4 11 42 16 15  6 49  3 62  9 55  0 16  2 22 19 25 10  8 18 45  7 63  1 97 15 46 17 41  4 35  5 37  8 78
 1 14 12 61 17 68 10 10  2 46  4 77 13 29  5 69 16 18  0 13  6 64 19 59  3 64 11 91 15 31  7 19  9 65  8 52 18 87 14 90
12 16  4 60  7 39 13 81 17  6  0  5  6  7  2 59  9 67 14  1  8 44 15 64  1 87  3  8 16  9  5 48 10 82 18 54 11 90 19 53