200 15
 3 29 12 72  8 99 13 21 11 96 10 22  1 46 14 19  6 25  9 37  2 12  7 44  4 97  5 64  0 89
14 34  1 48  3 63 13 44 10 96  9 43  4 56  8 93  6 65  7 87 12 67 11 21  5 65  0  5  2 81
 1 17  9 87  5 19 14 75  4 19  8 52 13 22  3 18  7 43 12 85  0 66  2 76 10 95  6 76 11 41
14 20  6 48  1 78 13 42  3 88  5 81  9 32  4 77 10 17  7 82  0 46 11 51 12 48  8 94  2 77
 8 21  3 42  0 85  6 62 10 22  9 44 12 18 14 28  4 58  2 44 13 52  7 32 11 26  1 92  5 56
10 92  1 59  6 11  3 16 14 69 13 74 11 93  0 60  4 30  9 20  2 92  8 80 12 91  7 52  5 51
 1 21  5 39  0 24 13 97 14 83 11 59  4  9 10 84  9 45  8 67  3 92 12  6  6 67  2 56  7 69
 4  8  0 36  5 58  7 13  1 53 13 68  8  2  6 10 10 63 14 77 12 42  2 55 11 60  9 86  3 75
 7 31  9 86  6 33  1 71  2 84  8 46  4 49 14 69 11 61 13 26 12 32 10 59  0 44  5 57  3 44
10 85  4 10  6 60 11 50 12 71 13 32  0 97  3 76 14 16  2 68  8  9  5 84  7 65  1 18  9 44
13 70 14 53 10  8 11 45  9 25  0 52  4 98  1 57  8 49  6 51  2 56  5 82  3 92 12  9  7 63
 8 90  9 39 12 82  4 32 11  3 14 26 13 11 10 35  6 66  5 11  1  9  0 26  3 34  7 63  2 58
 8 26  9 48 13 69  3 92  7  1 11  4  0 15  2 43  5 52  4 63 12 97 14 88  6 78 10 75  1 11
 1 22  9  1 14 22  7 74 11 39  4 99  6 89  5 67  0 56  3 95  8 27 10 29  2 40 13 12 12 29
 8 38 10 26  2 92 12 63 14 91  7 74 11 45  6 10  5 76  9 84  4 68  3 19  0 46 13  7  1 64
10  7  3 89 13 75  5 38 11 49  7 21 12 91  1 68  8 38 14 61  6 55  4 33  9 32  0 84  2 95
 2 34 14 75  3 48  1 48 13 75  7 17  4 54 11 13  5 66  9 95 10 17  6 39  8  1  0 15 12 25
 3 39  8 91  1 41  9 70  4 40  6 78 11 37  7 18  2  5 14 92  5 11 10 32 12 88 13  9  0 95
 3 87  9 85  4  8  6 85  5 85  8  8 12 48 10 87  2 12  0 63 13 35  7 20 11 88  1 57 14 19
 8 85 14 41 13 20  6 58  0 45  1 92  5 95  3 62  2 44  7 70 12 40  4 11 11 95 10 94  9 26
11 89  6 96  9 94  0 52 14 59 12 57  2  4  8 62  1 71 13 89  4 53  3 69  5 13 10 46  7 78
 0 99  2  9  4 63  9 78  1 96 11 65  5 26  7 39 10 74 12 27  3 49 13 47 14 96  8 49  6  9
10  3  7 72  4 87 11 12  2 18 12 46  8 37  3 57  5 33 14 82 13 34  1 11  9 22  6 30  0 63
11 33  5 66 13 14  4 61  0  1  9 98  8 86  3 95 12 14  2 72  1 76 14 67  6 26  7  5 10 89
 8 91  6 17  0 93 10 31  4 15  2 77 13 74  7 43  3 91 11 81  5 80  1  3 14 72  9 87 12  8
 2 41  5 81 11 49  0 71  1 17 12 25  9 33  8 42  3 99  7 69  4 49 14 60 13 22 10 85  6 11
 5 90  4 77  6 57  0 42  8 48 12 16 10 16  2 34  7 23 11  8  1 66  9 99  3 46 13 41 14 13
 6 89 11 98  1 53  2 56 12 34  7 77  0 21  5 94  8 18  9  6 14 23 13 53 10 68  3 22  4 58
12 21 11 54 13 44  1 93  6 95  8 18  5 84  7  1 14 53  4 33  3 27  9 67  2 37 10 64  0 96
 3 96 13 97  7 60 12 30  2 23  6 64  0 26 14 90 11 13  4 35  8 14 10  8  1 25  5 87  9  6
11 79  3 89  9 36  8 84  0 47 10 37  5  9 13 19 12 48 14 47  6 50  1 82  2 50  4 64  7 10
 7 66  3 30 13 26  5 64 12 99  0 30  8 78  9 41  6 90  1 25 11 62 14 32 10 71  4 24  2 92
 5 72  7 19  8 64  1  1  4 32  6 65 10 96  2 63 11 55  3 14  9 28 12 87 14 93 13 90  0  5
11 89  2 10 12 25 13 55  3 32  8 36  6 95  7  3  9 19 14 96  4 35 10 89  5 99  0 98  1 82
 0 51  5 37  2 98 10  2  6 35  7 49  3 49  8 62 12 28 13 56  9 32  1 96 11  4 14 96  4 29
 0 49  9 94  8 24  3 46  4 98  1 41  6 54 13 34 12 87  7 56  2 32 14 78 11 93  5 75 10 40
 6  1  2 26  3 24  8 39 10 77 14 45  4 49 11 16  1 76  7 53 12 29  0 98  5 61  9 25 13 95
 9  1  6 85  4 79  0 34  8 92 12 16  5  9 10 73  7  7 13  1  2 36  3 89  1 64 14 37 11 68
 7  9  6 49 14 53  5 72  8 43  3 99  4 60 11 61 10 40  1  5  2 55  9 76  0  7 12 95 13 24
 6  5 14 19  9 11  5  8  7 76  8  9 11  1 13 91  4 68 12 78 10 82  1 67  0 67  2 70  3 22
 9 97 10 24  0 56  1 75  3 53  2 19  8 29  4 63  6 28  7 98  5 49 14 65 12 70 11 69 13 25
 7 60 11 89  1 14  2 74  4 18 10 38  5 22  6 12  0 65  9 28  8 81 13 78 12 36 14 85  3  8
 2 55  4 99 14 63 11 95  9 92  5 58  3 98 13 99  0 81 12  9  7 50 10 62  6 72  8 25  1 65
 3 44  1 44  8 31 12 21 13 32  7 47 14 41  2 14 11 18  6  9  9 95  0  7 10  7  4 35  5 63
13 32  2 95  5 30  0 65 10 81  7 50 14 71  1 93  4 97 12 83  8 21 11 18  9 76  6 96  3 82
 2 55  0 76  9 52  5 27  1 89  7 63 12 93  3 77 11 46  6 51  8 56 10 50 14 96 13 13  4  7
 0 24  5 54  3 39 14  4 12 89  2  2 11 50  6 27 13 47  1 78  4 75  9 51  7 37 10 67  8 91
 9 76  8 72  6 70  3 81 10 73  1 91 12 65 11 60  0 28  7 15  4 40 13 26 14 48  5 72  2 49
 3 74  8 11 14 55  0 59  9 42 13 72  1 90 11 34  7 92  2 12  6 24  5 16  4 83 12 28 10  3
 6 60  9 48 13 27  7 33  3 10 11 99  2 27 14 97  1 39  0 66 12 67  5 98  4 43  8 20 10 54
 1 37  7 40 12 99  6 49 13 56  3 57  0 35  5 33  8 29 10 21 14 70  4 17  9 83 11 85  2 39
 9 83  8 81  0 30  2 42  1 42  7 46 11 83 12 75 10 40  3 65 14 25  5 11 13 90  6 47  4 31
 5 92 12 39  7 30 11  8  4  7 13 66  0 91  9 17 14 38  8 90  2 72  3 66  1 40 10  2  6 75
10 26  0 23  6 78  1 86 11 61  2 87 12 73  5 11 13 52  7 94  9 76  4 74  8 22  3 97 14 34
11 26  5 95  8 71  3 44  2 82 12 69 14 55 10 42 13 32  9 47  4 15  0  5  6 66  1 57  7 71
 5 77  2 44 11 78  0 28 10 45 12 76  7  1  8 26  3 66  4 10 14 25  9 96 13 30  6 74  1 86
11 74  9 97  7 19 12 88 10 41  3 36  2 32  5 89  0  5  1 47 14 61  6 73  8 64 13 22  4 13
12 29  1 40  4 43  2 66  9 70 11  2  3 37  0 93  5 91  8 86  6 66  7 90 14 33 10 45 13 41
 7 39  3 18 13 92  5 85 12 50  0  9  6  9  1 74 10 68  4 77  2 13 11 50 14 45  8 50  9 68
13 84  4  9  7 14  3 24 10  6  2 41  8 79 11 52  6 76  0 94  1 38 12 72 14 96  5 68  9 24
10 19 11 68  6 45  0 84 13 47 12 96  4 15  5 54 14  7  8 73  3 40  1 13  9 92  7 36  2 81
 4 69  5  2  1 44 11 25  3 49  8 85 14 83 12  1  0 41 10 20  6 96  2  2 13 55  9 64  7 86
 7 90 13 73  2 83  1 89 11 38  4 32  3 87  8  2  6  3 14 83 10 60 12 29  5 13  9 82  0 79
 2 16 13 80  8 75 14 15  1 40 10 60  5 97  4 25  6 16  9 56 12 50  0 57  7  1 11 96  3 17
 0 31 12 23  2 70  9 57 13 35 10 11  5 18 14 16 11 79  3 37  6 23  7 47  8 58  4 15  1 73
10 46 14 37 13 94  6 94 12 50  3 61  0 99  7 51  5  4  1 98  9 89  8 34 11 77  2 16  4 73
 8 34  6 39 12 40  9 67  2 40 13 72 11 59  5 57  4 81 14 43  3 34  0  4  7 32 10 55  1 48
12 29  0 91  8 22  2 41  7  7  9 37 14 12  4 98 11 82  3 53  5 35  1 60 10 97 13 12  6 93
 3 74 11 26  2 84  5 56 12 34  9 70  6 24  4  3  0 16 13 57  8 22 10 68 14 67  7 75  1 11
14 31  3 13  1 92  2 90  4 41 11 59  9 74 12 98  7 35  6 69  8 18  5 63 10 31  0 86 13 13
 4  3 13 70 11 53 10 83  2 17  8 19  0 64  3 15 12 50 14 32  9 97  7 30  5 50  1 70  6 67
 1  9  8 12 14 78 13 92  9  6  7 45 12 24  3 50  2 11 11 87  5  3  6 55 10 64  4  8  0 49
 0 92  5 91  6 91 10 91  9 10 11 82 13 47 12 50  7 57  8 84 14 62  3 66  1 76  4 23  2 77
 3 22 11 19 14 89  6 85 12 31  1 25  5 47  2 48  4 55 13  5  8 73  7 44 10 62  9  2  0 51
10 46  0 65  3 88 14 78 13 50 12 92  4  9  9 61  8 19  2 20  1 73  6 65 11  3  7 62  5 35
10 80  6 20  2  6  8 11  5 54  3 75 13 75  7 42 11 64  9 77  4 86  1 89 14 56 12 43  0 23
12 89  4 45  1 41  9 32  8 42  2 14  0 89 11 47 14 99  5 84  3 48 13 46  7  8 10 40  6 37
 6 61 12 97  9 38 10 45 14 41  0 93  4 23  8 56 13 55 11 63  5 56  3 29  2 12  1 28  7 64
 3 76 13 53  1 90  6 91  0 47  9 83 12 10 14 28  5 27  8 16  2 41 10 73 11 67  4 70  7  9
 3 70  0 34  9 73  4 78  2 50 14 63  5 85  8 21  6 90  1  2 12 53  7 64 11 79 10 19 13 75
13 29  4  3  3 54  0 35  2 87 12 62  1 63  8 90  5 93 14 72 11 69 10 12  6 48  7 39  9 36
 1 20  0 20 13 74  9  5  4  9  5 71 11 91  2  7 14 39  7 42  3 15  8 49  6 24 12 63 10 69
11 36  3 17  8 69  2 72 12 65  0 69  7 39  9 12  5 94  4 28 10 91 13 75  6 96  1 92 14 16
 0 25  6 85  7 22 12 81  4 45 11  4 10 46 13 77  2 62  5 38  9 25  3 52  1  7  8 57 14 87
 2 57  9 66  5 65  1  4  4 50 13 93  7 16 14 61  8  7 10 78  3  2  6 94  0 28 11 21 12 36
 3 92  6 53 12 10 14 78 13 54 10 52  7 76  8  1  2  3  0 23  9  5  4 40  5 77 11 23  1 72
 1 24  6 54  9 19 13 80 12 81  4 86 10 97 11 42  5 24  3 55 14 38  0 74  2  9  8 88  7 13
 6  4 14 74  4 69  0 95  7 12  8 12 10 18  2 79  1 35 11  5 13 79  5 37 12 27  3 26  9 40
 4 98  7 37 13 30  2 45 11 41  8 65  5 42  0 15  1 20 12 14  3 85 10 80 14 47  6 26  9 86
 7  7  8 94  0 64 10 68 12 36  2 74 13 18  3  8 14 99 11 31  4 46  1 31  9 76  6 95  5 11
 4 44  7 96  1 58  3 56  0 52 14 41 13 58  6 93 12 17  8 11  2  4 11 22 10 29  9  8  5 76
 5 31  2 25  0 78  9 71 11 61  1 81  4 41  8 84 10 47 14 38 13 17  3  7  6 77  7 43 12 78
 9 22  7 68 13 33  2 20  5 85  0 38 11 75  1 15 12 70 10 39  8 20  4 92 14 91  6 11  3 50
 5 23  6 22  3 82 13 21  0 91 12  5  7 41  8 85  1 60  4 51 14 79  2 91 11 74  9 51 10 60
13 56 12 87  8 83  7 56  5 37 14 95  9 69  0 81 10 14  1 52 11 99  6 16  2 24  3  7  4 69
13 60 12 91  4 79  6 72  9 65 11 13 14 32  5 96  0 53  8 46  7 66  3 89  1 89 10 94  2 22
11 89  8 77  2 29  3 41  1 29  7 25  0 56 12 16 14 74  6 75  5 57 13 22 10 39  4 29  9 89
 7 31 11 56  5 22  2  8  6 97 13 58 10  2  9 74 12 69  8 61  3 20  1 29  4 53  0 94 14 52
 1 41 13 78  6 86 14 11  4 31  0 33 12 58  2 36  9 38  8 12  3 28 10 69  5 50 11 92  7 61
 1  8  9  3  4 75  7  8  5 15 11 19 14 44  2 78  0 66  3  8  6 95 10 76 13 79 12 14  8 15
 6 65  0 24  7 89  9 70 13 74  2 45  8 44 12 64  5 57  3 53  1 13 11 38  4 86 14 97 10 19
13 51  8 45  0 68  7  2 11  3  2 13  6 73  3 31 12 47 14 69  1 85  5 26  4 31  9 14 10 94
 6 83  4 60  5 14 14 74 12 60  7 82  0  3  8  5  3 19  9 64 13 29 10 45 11 31  1 43  2  4
10 42  8 72 12 46  2 54  0 95  9 49  3  6  7  4 13 89  4  4  1 95  6 59 11 79 14 86  5 47
 2 32  4 40  3  5  5 11  1 82  9 80 12  1 11 22  6 53  0 39 13 28 14 48  7 52  8 43 10  7
 5 29  0 68  9 22  3 35  8 55 10 79  4 55  1 51 12 98 14 50 13 59  7 27  6 45 11 21  2 92
10 33  4 96  6 38  9 95  8 27  1 94  0 84  2 48  7 82  5 18  3  3 13 26 12  5 11 48 14 19
14 38 11 94  3 47  5 77 10 35  7 17  1 82 12 68 13 33  4 17  6 50  8 35  9 93  2 52  0 83
11 82  5 46  2 93  7 73  6 45  9 95 14 74 10 61 12 44  1 88  3 77  8 10  0 27 13 26  4 17
 0 59 10 95 13 35  9 95  4 73  3 81 14 57  7 98  1 89 12 73  6 12 11 75  2 98  5  1  8 20
 6  2  0 20  1 19  9 38  8 52 10 35  2 61  3 31 13 50  5 34  7 49 12 95  4 47 14 84 11 53
 7 69  5 40  9 83  4  6 13 28 11  4  3 78 14 40  0 35  8 70 10 52 12 79  6 28  2 94  1 47
 1 41  2 12 13 54 12 31  9 88 14 91 10 13  8 56  6 74  3 38 11  8  5 94  7 25  4 15  0  6
11 72  1 15  0 72  2 35  9 43  5 77 12 37  7 25  6 48  8 72 14 17  4 67 13 42  3 76 10  4
 7 29 14 68  3 70  9 23  5 94 12 64 10 88  6 66  1 35 11 53  0 18  4 64  2 29 13 68  8 95
 4 42 11 36  2 78  5  4  8 91 13 67  9 54  1 12  7 29  6 45  3 99 12 25 14  7 10 62  0  2
 5 36 12 38 14 49 11 78 10  2  7 73  6 52 13 36  2 76  1 61  0 65  9 31  8 69  3 30  4 89
12  2  4 92  0 53 13 19  3 82  1 56 14 90  2 15  8 83  6 38 10  2  9 15  5 96 11  3  7 83
 6 36 14 43  0 51  1 80  4 10  8 36  7  3 11 63  3 79  5 14 12 81  2 92 13 90 10 99  9 12
 3 77  8  6  7 79  2 40 11 97  4 54 10 17 14 41 12 88  6 75  0 49  5 51  1 17 13 23  9 69
 3 39 12 82  7 87  6 20 14 32  9 47 11 78  0 30 10 73  4 88  5 57 13 55  1 39  8 28  2 90
 7 55 12 35 13 33  2 41  9 40 14 81  3 14  5 71  1 88 10 22  0 53  4 20 11 35  6 86  8 93
 1 52 14 69 13 35  6 51  2 66 11 70 12 11  9 12  4 69 10 67  7 65  3 39  0  7  5  4  8  9
 6 91 11 79 10 88  1 59 12 15 14 34  5 84  9 18  2 90  3 12  0 47  8 94  4 77  7 37 13  1
 8 61 10 54  0 46  5 95  4 13  6 36 14 35  2  3 12 89  7 19  1 15 11 28  3 74  9 41 13 26
 2  3  7 21  5 12 11 37  4 40 10 46  9 12 13 86  1 23  3 16 12 21  8  4  0 45 14 60  6  2
 6 66  7 59  8 89  1 83 11 20  2 48 10 22  0 96 12 71  4 62  9 64 13 70  5 20 14 68  3 19
10 11 11  8  1 60  7 41  5 27  8 48  3  8  9  5  2 48  6 35 12 56  0 44 14  8  4 18 13 59
10  6  0 37 14 61  9 81 13 79  6 25  4 20  2 47  1 17 11 65  3 69  5 12  7 83  8 49 12 88
 8  2  7 54  6 73  1 28 13 50  9 81  5 56 14 75  0 11  3 92 11 53  4  6 10 22 12 76  2 94
 9 47  7  9 14 97  4 65 11 19  2  3  1 54  6 59  5 16  0 38 10 39  8 66  3 90 13 87 12 13
 6 37 12 43  4 20 13 25 14  3  8 92  3 61  0 31  5 85  7 25  9 20 10 50  1 27  2 22 11 92
 3 22 11 11  7 60  8 54  1 64  0 30  4 59 10 25  5 25  6 71 13 55  2 29  9  5 12  8 14 58
12  9  7 49  9 77 13 59  0 83  8 92  2 59 10 92  6 65  3 90  5 62 14 70 11 85  1 29  4 67
 4  5  7 80  5 35  0 36  1 26  6  4  8 78 10 76  2 83  9 80 12 48 14 30 13 17 11 82  3 24
13 97 14 26  8 56  4 72  0 33 12 41  9 86  3 36  6 22  1 91 11 85  2 75  5 76 10 15  7 44
14 64 13  5  7 64  6 11  2 37  5  3  9 18  0 81  1 16  3 78  8 24 12 29  4 47 10 72 11 68
 3 11 13 68  2 65 11 88 14 70  7 39  9 27  5 56  8  2  4 46  1 51 10  1  0 33  6 27 12 59
14 21  2 54  4 80 10 47  1 15  6 40 11  8  8 66  7 52  0 31 12 16 13 37  9  4  5 20  3 55
 3 76  5 60 12 97  7 75 13 66 14 79  8 53  6 21  0 95  4 71 10 22  9 75 11 76  2 12  1 49
 3 76 13 91  1 74  2 22 14  9  4 64 12 10 10  6  8 37  9 54  6 71 11 69  0 23  5 22  7 87
14 46 11 96 13 44  7 78  9 72  2 32  3 62  5 13 10 41 12 39  8 93  6 88  4 64  0 93  1 78
 2 39  7 56  5 99  8  9 14 40 12 72  6 19 13 40  4 46  3 26 11 13  1 52  9 39  0 66 10  4
 4 70 14  4 10 63 11 59 13 44  9 60  6 79  0 79 12 48  2 36  5  8  3 61  7 63  1 31  8 16
 0 15  3 58  7  4  2 98 10 24 13 78  6 47 11 55  9 26  5  1 12  9 14 65  4 72  8 17  1  3
 7 67  2 55  4 19  8 86  3 32 14 57  1 17  0  1  9 61  5 38 10 89 13 35 12 96  6 36 11 12
14 89  6 55  3  3  5 28  7  9 11 39  0 60 13 97  8 29  9 39  1 33 12 99  2 52 10 10  4 58
10 87  4 66  8 73  0 75  6 28  9 91  3 83 11 21  7 66  2 70 13 82 14 81  1 54 12 82  5 32
 5 31 13  2  8 89 12 70  0 86  4 26 11  3  7  1  2 14  9 37 10 13  3 22  1  6 14 97  6 97
 5 24  4  2  7 74 11 29  2 15  9 63  8 58  3 75 13 25 12 76 10 60  6 17  0 10  1 52 14 60
11 10  3 93  2  3  9 27  0  4  7 72  6 33  1 52 14 68  4 53 12 14  5  3 13 76  8 38 10 62
 4 78 13 37  2 95 11 39  8 23  3  8  6 62 10 13  1 68 12 68  0 36  5  6 14 41  7 88  9 29
11 84 13 67 10 49  1 12  8 55 14 78  2 58  5 69  4 87 12 15  3 28  9 91  6 88  0  8  7 94
14 87  3 29 11 88  9 77  7 53  8 92 13 23 10 83  2 30  4 48  5 20 12 94  0 55  6 24  1  9
 6 70  2 25  1 40  4 70 10 92 12 23  5 28  7 65  0 60 13 99  8 37 14 42  3 72 11 47  9 56
 6 54 14 32  3 38  8 60 13 94  1 36  2 76  0 51 11 15 10 43  7 29  5  1  4 48 12 50  9  6
11 84  8 78  1 46 10 64 14 72  5 81  4 54  6 92  9 78  0 67 12 98  2 77  7 89  3 34 13 25
 3 21 11 77  1 21  4 72 13  2  9 92  2 55  0 31  8 18  5 84 14 60  6 98 10 86  7 53 12 26
10 98 13 45 12 81  4 16  8  4  9 63  6 35  5 64  3 45  7 28  1  1 14 30  0 91  2 39 11 53
 8 70  3 65  4 78  6 63 11 92 12 43 14 93  7 35  9 48  1 91 10 35 13 39  2 18  5 53  0 32
 8 59  4 68  3 69  5  6 12 43 11 90  7 35  1 52 13 27  9 60 14 30  0 25  6 99 10 83  2 46
 7 31  4 97 12 15  9 51  3 16  1 54 14 22  0 83 10 94  2 59 11 40 13  7  5 46  8 73  6 38
14 85  4  7  3 40  2 73 11 20  1 61  8  6  6 40 10 85  9 35  7 49  5 51 13 19  0 57 12  6
 5 75  2  9  8 56 14 97  1 11  4 81 10 82 13 28  6 40  0 39 12 29  3 36  9 92  7 89 11 96
 0  8  4 76  1 26 14 41  2 21 11 34 13  7  8 35 10 49  7 41  5 98  3 20 12 96  9 51  6 64
 1 16  3 21  0 89 13 71  6 21 11 52 14  6 12  6  4 94  7 15  5 83  9  5  2 38 10  5  8 40
12 40  4 65  9 52  0 99 14 73 11 65 13 14  1 36 10 64  3 62  8 53  6  1  7 41  2 41  5 87
 1  2  7 20  6 56  9 48 10  7 14 13  2 19 12 98  5 33  0 30  8 92  3 98 11 22 13 71  4  9
 3 69  4 94  6 77  2 50  7 63 12 24  9 27 10 17 11 41 13 28  5 44 14 24  0 93  8 82  1  7
 4 20  6 34  2 48  5 70  7 92 10 75 12 68  0 18  3  2 14 22  9 94 11  6  8 45  1  6 13 85
 9 36  0 53 11 11  1 21 14 82 10 63  2 18  4 52  6 37  7 26  3 52 13 37 12 86  8 92  5 47
 2 36  0 27 11 51 14 89  5  5  8 61  4 40  1  5 12 90  3 18  7 51  6 13 13 81  9 15 10 95
 0 17  7 13  6 94 11  3  3 56  1 44  2 53 14  6  9 83 12 64  4 86  5 57 13 63  8 88 10 60
 1 13  9 12  4 49  2 32  7 54 10 27 13 93 12 44  6 36  5  4  8 79 14 88  3 33 11 90  0 75
 9 35  6 43 12 39  5 69  1 11  7 91 11 35  2 84 10 87  4 78 14 28  3 64 13 52  8 46  0 34
13 92  7 83 11 97 12 96  0 15  1 26  5 55  2 77  8 33  4 49 10 20  9 74 14 93  6 12  3 37
 3 73 11 80  1 35 10 73  7 28  5 33  2 87 14 37  9 90  4 39  8 95  6 38 12 19  0 60 13 18
 7 81 14 15 10  2  6  1 13 43  9 56  5 46  0 32  8 69 12 31 11 46  3 43  2 88  1 26  4 48
 4 49 12 48  7 26  1 31  9 40  2 19  5 15  3 82 10 69 14 71 13 83 11 85  0 84  8 60  6 34
12 48  8 97 11 70 13 84  3 78  6 58  5 57 14 86  9 89  4  2  7 25  2 14  0 49  1  6 10 83
 9  3 11 64  3 46  0 18 10 11  1 65  6 18 13  2 14 29  7 30  4 79  8  6  5 12  2  4 12 44
 7 25 12 39 13 27  6 59 14 30  8  4  4 88 11 45  3 49  0 59  9 55  5 63  1 23  2 76 10 58
 2 12 14 41 10 28  4 24  8 68 12 98  0 75  5 44 13 84  6 79  9 99  1 83  3  9  7 63 11 42
 6 47  1 69  3 36 10  8 14  7 12 36  9 75  4 21 13 51 11 20  2 33  0 83  8 30  5 45  7 81
13 99  4 25  6 48 11 79 12 48 14 57  0 92  8 21  7 89  3 94  5 95  2 38  9 18 10 56  1 59
13 69  6 60 12  4  7 72  3 31 14 87 11 99  0 70  9 66  2  6 10 58  1 73  4 16  8 26  5  3
 9 53 12 64  4 51  5 20 13 92  6 53  0 54  2 11  3 58 14 20  1 99  7 20 10 43  8 50 11 14
 1 19 14 83 12 70  8 49  2  9  4 67  9 95 11 42 10 28  0 39  3 51  7 70  5 49  6 80 13 28
10 46 13 82  0 87  8 19  9 64 14 57 11 33  4 85  3 90  2 61  5 40  6 94  7 57  1 21 12 35
 4 31 14 51 10 64 12 90  8 98  0 97  1 94 11 47  6 73 13 62  9 97  2 31  5 43  7 72  3 49
12 17  4  5 11 64  3 43 10 83 14 43  1 57  9 43  0 12 13 83  2 75  5 97  8 69  7 38  6 53
 3  2 13 74  5 77  1 17 10 20 11  3  0 85 12 27  6 24 14 40  2 94  8 92  7 17  9 61  4 42
 6 84  0 22  5 41  2 95 14 87 12 39  9 54  3 36  7 21 10 67  4  2 11 27  8 18 13 98  1 49
 9 60 11 37  8 17  6  8  1 33  5 88 12  9  2 55 14 54 10 89  7 45 13 66  4  2  0 42  3 94
 4 24 12 40 14 43  6 45  1 45  3 72  0 44 11 61 10  9  7 92  9 64  2 98 13 43  5 23  8 45
 7 24  6 80 11 60  3  6  4 77  5 29  9 96 14 87 10 28  2 25  0 83 12 95 13 40  1 35  8 82
11 94 10 58  4 61  1 57 12 21  3 71 14 21  5 49  2 27  7 83  0 52  8 73 13 60  9 83  6 36
11 93 13 24  9 27  8 91 10 78  2 65  5 47 14 16  0  4 12 14  4 59  6 58  3 77  7 58  1 87
 5 74  2 23  1 32  3 78  8  8  4 77 12 17 14  9  0 22 13 91  6 34 10 45  9 85  7 70 11 58
12 49 11 78  1 79  7 23  3 82  6 40  2 13 14 95 10 69  5 20 13 92  0 93  8 65  4 26  9 70