200 20
17 13  2 53 14 24 11 54 10 37  5  4  4 93 16 30  7 35  1 79  8 26  0 43 12 33 15 58  3 16 13 47 18 52  6 68  9 49 19 10
19 38 10 28 15 69 14 60  7 88  6 28 16 63 17 26  5 49  0 90  1 78  4 57  2 72  8 65  9 15 18 35 13 76 12  5 11 99  3  5
 1 30 18 90 16 11  2 71  4  2  3 23  5 29 17 70  6 30  0 63  9 88 15 12  8  5 13 71 12 55 10 89 19 47 14 97  7 75 11 27
 4 34 17 13  7 93  1 31 16 61  9 43 10 45  2 59  5 49  6 81 13 99 15 20 11 17 12  7 14 54 18  7  8 81  3 14  0 39 19 10
17 97 13 88 14 22  4 13  6 26  0 74 11 97 19 45  8 24  3 76 15 79 16 38 10 85  9 90  2 98  1 94 18 79  5 87  7 44 12 53
 1 94 14  4  0 82 11 88  8  2  4  7  9 28 19 67 12 53  7 56 13  4 18 11  5 76  3  7 16 74 17 47 15 49  2 94 10 80  6 94
10 46 12 76  0 63 17 71 19 94 14 76  2 60  8 82 11 90 18 16  1  1 13 57  5 20 16 37 15 39  7 57  6 58  3 13  4 14  9  6
10 82 18 15  9 91 15 97 19 31  1 95 12 16  0 83  4 14 13 75 14 54  3 14  7 56 16 53 17 86 11 96  6 42  8 59  2  5  5 39
 9 72 17 31 19 45 11 37  5 74  7 73  3 16 13 44  8 16  4 35 10 40  6 27  2 39 16 64 14 91  1 92 15 49  0 58 12 58 18 94
16 31 12  7 19 14  1 61  7 66 15 10  8 38  4  6  6 66  3 92  5  9 10 38  0 61 18 81 14 15 13 31  2 96  9 94 17 75 11 34
 1 80 19 79  8 52 13 98  0 27 14 97 18 91 15 75  2 90 16 45  5 87  3 30 12 11 10 25  9 27  6 17  4 61  7 79 11 87 17 46
18 92 11  6  3 16  8 93  0 84 19 10  1 48  4 25  6  4 10 77 17 10  9 60 16 41  5  6 12 99 13 56  2 21 14 91 15 44  7 55
10 55  2 24  1 89  9 91  4 91  6 55  7 74 11 90 17 68 18 55 14 65  3 67  8 76  5 42 15 50 13 97  0 52 19 95 12 88 16 80
11 63  9 90  1 11  2  7  3 47  6 74  0 60  5 48  4  7 16 48 19  6 10 93  8 72 15 52 13 31 14 33 18 20 12 20 17 13  7 52
19 23  2 54  9 67 10 22  8 73 11 67  4 43 15 36 12 30 17 92  5 28 16 60 14 84  0 33 18 80 13 73  6 88  1 97  7 84  3 13
 9 31 17 42 11 91 12 52  4 32  0  4  7 87 18 80 13 28 16 27 14 89  3  6  2 55 19 75 15 60  8 94 10  9  1 77  5 49  6 40
 3 79 13 12 17 10 19 82  9 62 12 40 14 35  7 40 16 75 10 19  6 52  1 18 18 34  8 20  5 42 11 21 15 71  4 25  2 76  0 46
 2 83  3 71  1 87  8 48 19 95  9 77 14 34 17 35 11 39 15 60 16 58 13 49  5 52  0  9 12 91 18  4 10 44  6 49  7 48  4 52
13 69  3 90  1 36  9 33  6 13  8 15 16 98  0 15  5 22 17 18 15  7 12 65  4 80 11 45 10 97  2 30  7 68 19 96 18 30 14 24
13 66  3 85 14 42 19 12 12 29 11 69  4 69  2 22  0 37 18  8  7 20  8 64 15 49  1 54  9 12 16 29  5 67 17 80  6 75 10 12
 4 76 18  1  5 40  3 94  1  8 13 79 16 57  2 10 11 40 10  5 19 20  0 13 17 65 12 45  7 76  6 50 14 73  8 57  9 43 15 46
 2 84 18 74 17  7  1 82  4 85 16 79  9 28 12 12  7 59 13  8  8 23  0 22 19 26 10 17  5 14 11 23  6 75  3 26 14 30 15 95
 3 85 17 97  6 54  8 87 12 29  5 84  0 91 15 32 18 57 10 96  9 69  4 52 16 63 14 80 19 37 11 41  1 73  7 84 13 65  2 87
 7 91  2  4  5 33  0 54 14 66  1 63  9 91  3 72 10 92 17 30 18 49 11 28 12 39 19  2  4 61 13 34  6 99 16 74 15 87  8 29
 6 29  2 32 12 11  4 42 17 21  9 93  3 25  0 37 13 40 16 17  8 61 10 43 15  4 14 54  1 66  5 84  7 81 18 42 19 45 11 67
17  6 14 61  1 18  0 85  3 78 19 45 13 95  2 43 15 36  5 22 11 74  9 22 10  6 12 73  6 55 16 28  7 13 18 95  8 63  4 12
15 42 18 99 19 88  8 45  6 19  5 81 17 15 12 73 10 27  4 89 11 75  3 83  0 48  9 72 14 50 13 34  1 32  2 56 16 90  7 29
16 30 19 32  6 29 14 18  4 31  2 86 12 87 10 30 18 23  7  2  5 51  1 16  3 55 13 37 15  1  8 50  9 49  0  2 11 54 17 79
 1 63 18 79  3 64 19 48  6 58 14 74 15 36 13 52  0 56 11  7 12 44  4 99 17 56  9 52  5 35  2 56  7 41 10 51  8 18 16 93
10 95  1 86  2 68 12 61 14 62 19 31 13 90  4 99 17 15 16 54  5 45  9 46 11 79  6 49 15 99  0 48  7 59 18  8  3 42  8 59
 7 40  0 51  1 87  9  3 10  2  8 80 19 35 16 46 18 79 12  3  4 40  3 91 13 76  6 14 15 10 14 81  5 41  2 11 11 25 17 42
 7 76 14 97  9 81  1 70 13 18  8 68 12 64  3 17  4 54  2 84 17 57 16 98 19 38 10 93 11 52 18 54  5 71 15 61  6 20  0 87
 1 30 16 28 14 76  7  2 10 44  4 58  8 26  5 42  9 50 18  9 11 33  2 68 12 23 15 95  3 51 19 15  0 88 17 58 13 27  6 79
10 61  1 88 13 51 11 78 17 92  8 74 12 38 19 64  5 96  6 83  0 58 16 62 14  5 18 15  7 43  2 53  3 30 15 15  4 96  9 41
17 93 16 25 10  1  5 71  7 48  1 16  3 20 12 52  6 88 11 77 18 23  2 25 13 43  4 94  9 59 19 29  8 37 14 97 15 61  0 46
14 58 17 63 16 56  9 12 18 10 12 18  6 13  1 65  8 60 19 21  4 11  2 40 10 52  7 80 11 78 13 91  3 72  5 31 15 75  0 64
14 15  2 39  4 15 13 22 11 75  8 48 15 89 12 96  1 34 16 55 17  6  7 92 18 18  3 84  5 24 10 15 19  1  6 39  9 66  0 43
 6 33 18  5  0 17  5 46 15 65 19  2  3  8 10 83 17 83  9 21 14 73 12 82  1 18 11 98 13 75  7 10  4 87  2 54 16 56  8 98
 5 72  7 31  4 67  2 53 10 64 16 51  3 62 15 73  0 49  9 92 13 85 18 40 11 80  8 88  1 88 17 73 12 51 19 12 14 76  6 38
11 47  0 97 14 92 17 26 19 90  7 99 10 50  1 76  5 54  3 17  2 46  4 34 18 23  6 43 13 42 16 88 15 25  9 93  8 87 12  4
14  8  7 40 10 13 13 27  3 95 15 17 12 24 17 36  8 70  2 46 18 14 16 29  5 66  1 94 19 86 11 57  9 29  4  8  0  5  6 58
 4 52  3 85 16 35 12 41  1  5 19 82 15  8 13 11  8 37  5 11  0  9  2 35  7 76 14 23 17 11 18 80 10 20  9 69 11  6  6 58
11  9  2 73  7 72  6 10 18 93  0 11 16 33 17 42 12 58 13 93 10 77  8 60  9 20 14 86  1 51 15 89  4 25  3 45  5  5 19 74
 8 22 13 63 16 15 14 63  2 29 11 65  1 41  9 85 17 16 10 56 12 39  4 81 18 95 15 63  6 48  0 60  3 78  5 35  7 99 19 47
10 87  1 58 12 52 15 31  8 62 11 54  6 11 16 59  2 37 19 10  3 13 14 87 13 39 17 92  0 35  5  3  4 86  7 47 18 94  9 50
 6 59  1 22  9 45  8  4 16 69 17 27  7  9  3 25 15 48 10 71 12 12  4 59 11 18  0 40  2 32 19 80 18 99  5 61 14 20 13 39
11 38 14 96  5 92 12 86  3 73 17 67  2 32 16 15  1 77 13 45 19 63  6 46 18 56  7 70 10 85  4 34  8 81 15 54  9 30  0 62
 6 41 17 56 18 96 15  5  0 76  2 48 16 98 14 50 10 74 11 48 13 83  9 64  1 26  4 18 12 93  8 62  7 56 19 73  3 22  5 51
 2 23  3 17 17 50  5 73  4  1 11 85 19 61 12 19 15 58 14 78 18 74 16 99  9 24  0 54  8 29  7 44 10 69  1 74  6 80 13 61
12 37  7 17 13 75  4 32 11 14 16 85  9 41 18 96 19 26  2 12  0 38  8 13  1  8  5 50  3 11 15 54 17 52 14 82 10 25  6 28
17 96  3 16  7 35 16 36 11 27 10  2  4 20 13 57  6  4 14 49  5 93  0 22  2 96 12 78 18 51 15 95  1 66  8 31  9 99 19 98
15 61  0 98  8 42 16 15 11 90 18 51  3 10  7 16 13 93 14 15 10 26  2 26 17 39  6  1  1  7  4 76 19 89 12 63  5 46  9 72
13 20  4 10 10 47 17 49 11 34  8 84 18 61 15 66  6 71 12 13  2 61 14 60  3 63  5 34  1 27  0 67 16 69 19 58  9 16  7 97
16 36 12 74 19 92  1  5 18 95 15 38 11 46 13 90  9 59 14 77  2 37  8 57 17 82  4 17  7 26  6 99  5 60  0 30  3 54 10 54
 1 63  5 90 18 20  3 30  0 44 14 37 12 11  2 97  7 50 13 11 10 86  9 19 17 43  8 75 19  2 16 48  6 92 15 63  4 85 11 11
19 69 17 25 18 62  6 58  9 37 12 32  1 76 16  1  0 53 11 94  7 35  3 92 14 88  8 38  2 23 10 37 15 39  5 21  4 77 13 61
 9 97  2 88  6 87 12 33  4 53 13 51 14 82 16 56 11 99 10 95 15 42  8 13 18 81  7  4 19 84  0  9 17  9  3 10  5 53  1 55
 4  9 12 13 18 30  5  8  0 67 13 39  1 44 14 64 19  9 17 66  8 10 10 68 11 64  7 57  2 53 16 12  9 32  3 65  6 77 15 23
 8 75  1 71 16  6 11 61  5 20  7 31 13 20  3 57  4 37 15 18  6 32  0 45 19 17  2 32 12 15 14 90 18 17  9 70 17 38 10  3
18 23  8 94 17  4 11 57  7 93 19 16  6 27  5  4  4 11  0 17 12 85 14 14 16 29  3 82  2 78  9 49  1 17 10 55 15 70 13 46
 5 28 15 27  9 16  8 53 11 88  3 16  0 31  6 92  2 41 13 54 16 60 18 70 17 62  1 12 12 16  4 16 10 17 14 31  7 16 19 52
10 52 16 94 17 29  9 46  7  7 19 94 12 34  6 28 13 37  3 42  4 33 18 15  8  6 14 81 11 57  1 95  5 83  2 45 15 92  0  2
 6 84  5 79  2 99 18 34 17 57 14 54  0  3  4 43  8  5 13 23  1 69 12 39 16 45  3 41 15 27  7 55 19 17 11 16  9 21 10 58
19 68  1 73 10 47  0  6 14 92 11 34 15 57  5  7  8 91  3 81  7 12 18 59 12  8  6 12 13 33 16 34 17 50  9 69  2 11  4  2
14 29 12 53 13 14  6 86 10 28  8 27  7 90  9  4 16 54 19 12  1 37 17 71  3 18 15 70  2 72 18 29 11 59  4 69  0 53  5 47
 0 87 10  5 19 55 11 54 14 57  3 62 17 62  7 69  6 60 18 91  2 81 12 64  4 50 13  3  5 51  9 72 15 41  1 17  8 86 16  7
 8 22 18 21 16 53  2 20  6 54 15 12  9 32  0 10  7 53 13  8 11 98  1 61 14 30 12  8  3 16  4 70  5 27 19 53 10 62 17 47
 2 68 11 36 19 69  4  3  1 37 18 36 13 99 14 71 12 40  8 62 16 41  9 51  0 63  5 53 10 14 15 39  7 11  3 19  6  2 17 91
 6 34 14 47 11 44  8 30  4 96 19 57 16 72  3 99 17 99  9 28  2 38  1 74 15  9  5  6  0 45  7 72 12 65 10 71 18 33 13 92
10 18 15 50  1 65  7 11  4 38  0 41 13 13  2 98 16  9 14 94 12 83 17 70  9 55  6 37  5 50 19 33  3 15 11 39 18 77  8 16
 9 12  7 50  6 96  3 52  5 99 18 31 15 13  1 81 16 57 10 54 14 27  8 97 11 62  0  9 13 49 17 75 12 22  4 79  2 65 19 91
 7 15  6 25 16 30 14  5  2 85 13 65  0 99 15 22 17 82 11 36  1 29  5 87  8 21  9 93 12 67 18 70 19 65  4 20 10  6  3 98
 8 10 17  3  1 55 12 93  4 76 13  6 10 91 19 86 14 89  3 70  2 66 18  1  7 70  0 50 15 20  5 53 11 97  9 25  6 20 16  2
16 14  9 51 19 46 13 66  2 10  3 48  1 39 18 22 15 63  5 47  8 76  0 74 11 88 10 77 14 39 17 48  7 12  4 60 12  6  6 34
19 52 17 92 18 91  1 40 13 88 12 61  0 85  8 99  2  8  6 17  7 94 16 18 14 24  9 71  4 71  5 94  3 17 10 82 11 50 15 75
17 15  6 51 10 57 18 14  7 25  2 10  3 54 19 98 14 26 15 73  5 67  1 75  0 48  4 45 11 22 12 27 13 42 16 40  8 48  9 67
17 48 15  8  9 52  1 54  4 69  7 37 11 14 18 41 19 20  3 15  8 98  2 44  0  8 14 95 13  9 10 51 16 25 12 22  5 72  6 32
 0 50  4 91  9 73 19  8  2  4  1 17 18 86  7 94  8 37 17 37 11 35  3 42  6 84 12 95 13 23 10 49 14 33 16 32 15 94  5  3
11 76  6 43  8  9 16  4  4 86  0 17 13 79 14  6  7 79 17 92  9 46 19 92 10 19 18 12  2 54  1 61 12 18  3 81  5 18 15  1
14 79  6 36  7 11 12 58 16  9  9 78  0 90  2 14 11 37  1 69 18 36 10 91  5 89  4 63  8 35 17 63 15 22 13 62  3 50 19 32
19 83  7 51 14 92  2 32 18 82  8 22 17 51 12 77  9 90 10 28 15 24 11 38 16 28  5 95  4 99 13 15  1 69  3 52  6 76  0 89
 9 33 18 81 14 98  3 76 12 11  2 75 16 58 19 26  7 69 17 95 11 79  5 66  1 10  8 37  6  7 10 75 15 17 13 24  4 29  0  3
11 54 16 14  6 22  7 40 18 41  2 31  8 48 14 43 10 67  5 27 13 74 19 24 12  2  1 45  4 64 17 11  0 90  3 45 15 54  9 47
 8 35 18 88 14 12 15 24 16 54  7 41 11 45 19 59  2 69  3 77  4 18 17 22 12 68 10 29  5 78  1 63 13 57  9 31  6 79  0 13
15 21  0 36  4 85 16 69 18 33  1 90  9 66 10 53 11 95 14 91  2 54  5 12  3 31  7 51 19 43 12 99  6 30 13 84  8 30 17 61
 1 15  8 75 16 74  9 54  3 71 14 98 17 25 10 74  6 88 19 20 18 93 13 97  2 77 11 89  7 92  5 70  0 29  4 27 15 64 12 98
13 37 17 49  0 45 14 80 11 30  5 89 15 22 18 52  3 23 12 77  4 27  8 60  2 41  1 59  7 66  9 39 19  1  6 57 10 23 16  5
 4 72  3  8 16 33  2 92  8 24 15 35 19 96  5 54  1 23  0 72  6 35 11  3 12 45  9  8 17 93 10 19 14 64 13 32 18 54  7 96
 8 60  5 29 13 85 11 61  1 58  3 63 14 46  4 59  7 18 18 96 19 35  2  1 12  8  6 53  0 40 15 99  9 71 16 29 10 49 17 88
 0 10  9 36  5 39  2 44 19 68  4 98 18 27 17 74 12 17  8 50 13 11  6 59 14 65  7 27  1 68 16 65  3 14 11 14 10 30 15 89
13 27 15 46  9 10  1 55  3 68 10 75 12 21  0 22 14 34 16  4 17 43  6 36  8 97  2  9  5 31 19 70 11 30  4 71 18  1  7 93
 0 49  7 37 16  6  2  2 12  2  5 61 14 36 11 77 19 29  9 98 13 80  4 77  3 72  8 73 15 36  1 82  6 59 18 53 17 44 10 69
 6 90 17  1  9 81  5 48 18 72 16 12  0 11 12 63 14 54  4 62  3 37 11 88  8 82 19 20  7 78  1 62 13 67 10 59 15 87  2 66
 5 80  4 80 19 52 13 56  8 85 11 24 15 31  9 59  3 53 16 13 14 50 17 30 10 46 12 81  2 28  1 97  7 38  6 84  0 81 18 31
 3 31  4 76 17 47 12 28 14 35  0 78  7 44 15 52  5 19  1 95 18 29 10 71 16 90 11 69 13 51  2 27  6 61  9 70  8 10 19 49
19 99 18 11 11 10  4 12  8 68  5 10  0 21 13 20  2 21 12 48 16 69  3 81  7 89 10 78 15 77 14  4  6 57  9  3  1 23 17 23
11 45 10 27  4 49  3 41  8 82  9 45  0 24 15 43  6 95 19  2  5 71 14  6  1 70  2 52 18 21 17 46 12 70 16 52 13 74  7 40
 1  6 18 53  4 25 17 70 19 94  7 41 11 29  0 14  2 53 15 24  3 31 13  1  9 20  5 45 10 36  8 46 16 91 12 81 14 84  6  6
15 73 18 41 16 82  6  7 10 26 11 64  7 79 14 52 12 98 17 40  0  9  3 16 13 87 19 40  5 82  4 36  9 39  1 56  2  2  8 57
17 62  4 84 10 44 14 41 19 93  5 52 16 50 18  9  3 18  1 80  7 30  6 53  2 48  9 96  0 41 12 57 11 18 13 88  8 71 15 43
19  8 17 25  1 80  7 38 18  8  6 94 16 26 13 17 14 38 12 43  3 57  2 80 11 64 15 17  4 27  9 80  8 85  5 30  0 90 10 79
11 51  0 57 12 72  9  9 19 46 13 74 10 98  1 51 14 89 15 69  4  8  8 48 16 72  3 61 17 36  7 82  6  9  5 40 18 87  2 45
 3 84 16 63 17  8  0 93 13 82 15 81  6 43  5 60  1 46 11 68  8 85 10 75 14 92 12 65  2 43  9 21  7 49 18  4 19 44  4 73
 8 54  2 40 14 24  0 11 15 36 17 63  3 75  9 44  4 98 19 54 12 22 13 47  5  8  6 54  7 25 11 27 16 36 10 63 18 67  1 97
 6 74  2 47 15 21 11  7  5 79  1  4 13 37  9 18 16  2 17  8 14 64 19 84 18 73  3 47 12 42  4 44  0 16  7  2  8 96 10 60
 2 19  0 37 12 26 10 33  3 98 11 78  5 70 19 88  8 41  4 60 16 10  6 76 13 84 17 90 14 40 18 91  1 14  7 88  9  8 15 91
 4 46 15 67 18 31 13 36  1 45 12 16 11 29  9 39  7 54 14  2 17 21  5 62 10 71  2 41  0 69  3 77 16 98 19 11  6 70  8 84
13 71 15 23  5 16 12 59  4 92 14 26 18 68 11 74 19 14  8 88  7 65  2 92 17 96  0 90 16 43 10 69  1 12  9 79  3 20  6 19
 3 93 14 40 13 12  6 83 18 26  8 28 19 63  0 71 17 87  7 70  5 67  2  7 10 92 16 65 15  4  4 14  1 85 11 28  9 46 12 92
19 66 14 82  6 17  2  5 12 34  0 84  3 34 13 40 11 32  4 89 18 20 15 44 10  9  8 78  1 53 16 80 17 78  5 69  7 68  9 29
15 30  9 94 19 27  4 35 17 19  3 94  2 55  7 83 14 75  5 64 16  2 10  4 18 15  0 18  8 70 13 77  1 47 11  2  6 67 12 93
14 95 12 83 11 91  9 30  2 85  8 60  6 54  0 47  3 80 16 95 18  6  5 85 19 70  1 39 15 24  4 82  7 26 10 34 13 35 17 13
15 58  2 98  8  6  6 39  7 48 13 58 17 31 12 15 16 75 10 84 11 63  5  3  4 28 19 62  3 23  9  3 18 88  0 34 14 17  1 82
 6 88 15 84  7 42 14 54  0  2  2 10  3 41 13 39 18 89  9 42  1  5  4 43 12  1 10 35 19  5 17 72  5 87 16 78 11 65  8 92
 3 21  6 34  5 84 18 53  2 12 17 18  8 51 15 90 19 38  9 84  7 39 10 80 14 29  0 91 13 73 11 64 16 56  4 79  1 46 12 10
 5 25  7 51 12 62  1 55 19 90 13 59  6 75  3  8 18 95  4 78 14 54  2 92 11 11 17 59  9 74  8 25 15 77  0 46 10 34 16 44
 3 82 12 15 19 20  5 60 18 37  8 63 15 66  9 82 16 22  2  6  4 43  7 14  0 84  1 85 13 89 17 96  6 88 14 43 11 26 10 95
11  5  0 29  8 38  7 11 16 88 10 80  3 35 19 82 15 32 17 96 12  4 13 44  6  8  5 10  9 94  2 47 14 62  4 62 18 69  1 10
 1 39 15 19  5 60  4 40  8 83 17 43 19 76 12 19 11 25  7 39  6 74  9 94 16 83 10 85  3 26  0 21 13 19 18 57  2 71 14 96
19 31  7 75 16 85  5 49  4 71  1 36 12  6  6 84 18 73 15  3 14 26 11 66  9 82  3  3 10 42  8 84 13 43  0 23  2 79 17  9
15  3  8 51 17 89 14 36 19 15  7 45 18 26  5 21 11 24  9  8  4 81 16 69  3 95 10 62 13 73  2 91  1  3  6 65  0 66 12 13
 5 40 11 45 14 39  9 98 18 33 17 77  2 52  4 37  8 55  6 80  3 55 12 44  1 97 13 71 10 85 19 80 15  6  7 61  0 84 16 42
14 91  1 38  0 88  4 51  5 38 16 31  7 54 15 30 12 10 11  4 13  9  3 71 17 78 10 18  6 33  2 82 19 34  8 58 18 46  9 68
 6 77 17 91  5 27 10  5  9 20 19 13 11 95  0 18  8 80 16 48  2 42 14 12 12 84 13 99  4 56  1 70 18 37  7 17  3 37 15 32
 9 36 13 29 16 80 12 27 14 42 19 61  5 80  0 62 11  6 18 50  7  1  2 96  6 15  1 42 17 17  4 50  3 97 15 36  8 47 10 69
14 67 17 14  5 73  1 82 13 60  4 92  2 47 12 11  3 70 10 31 11 34 16 20  9 49  6 30 15 37 19 49  0 60  7 70 18 10  8 14
16 82  4 25 19 16 14 95  0 79  5 96 12 87 13  9  7 76  2 16  9 40  6  5 18 93  3 32 11 43  8 43 10  1 17 87  1 11 15 84
15 35 17 14  0 52  4 59 19 21  5 64 11  4  7 74  2 89 16 99 10 68  6 12  8 25  3 13  9 77 18 50 14 80 12 62 13 77  1 22
17 67  6 21 18 37  4 86 13 68  7 84  8 56 10 90 15 17  1 30 19 69  9 29 12 50  2 77  5 74 11 22  3  3  0 79 14 12 16 63
 6 10 12 86  5 18  9 20 18 77 13 36 16 59 14 73  0 31  2 13  8 96  3 40 19 75 17 61 10 86  1 78 15  2  7 44 11 84  4 86
17 81  8 79  1 25  2 44 16 63 12 19 10  6  3 28 13 71  9 94  5 24 11 27  6 83 15 83 14 80  0 30  4 12 18 21 19 94  7 39
10 51  7 80 12 71 19 70  3 34 15 30 16 61  4  7 11 31 13 43 17 30  2 83  1 81  9 30  0 46  6 37  8 98 14 91 18 12  5 72
10 58 11  9 12 91 15 88  1 84  6 17  5 99 17 95 19 79  7 91  2 79 13 47 16 98  8 33  3 65  9 30 14 57  4 99 18 55  0 30
19 98 16 74 13 61  1  5 15 49  4 24  3 73 11 25  8 79 12 99  6  6 14 91  5 29 10 45  7 78  0 60  2 69  9  4 18 11 17 14
 7  8 10 62  0  3 18  9  8 92  6 68  5 33 15 78  3 16 11 75 14 96  2 61 17 52 13 63 19 24 16 51 12  7  1 36  9 14  4 73
11 52 18 38  4  7  5 55 19 71 17 50 14 65 10 87  9 46 13 47 15 50  7 11  8 11  2 82  0 95 16 60  6 75 12 88  1 76  3 45
 4 84  8 49 16 69 11 25 19  2  2 80 14  6  7 52 17 23  9 25 12  2 15 64  6 62  3 75  1 23  0 24  5 12 13 52 10 64 18  4
 4 95 18  1 13 18 14 47 19 91  9 73 11 41  8 40  1 32 15 13 17 54 12 81 16 35  5 52  6 17  3 39  2  9  0 39  7 72 10 67
19 31 15 82  8 83 16  8 10 44  7 76  5 35  3 87  2 86 13 59  0  4  6 31  4 91  9 64 11  9 14 64  1 18 18 34 12 45 17 96
13 61  2  3  8 32 12 99  4 58 11 81  9 34 14 93  5  1 15 49 10 26 18 15  1 15 17 50  6 40  0 78  7 48  3 20 19 78 16 35
 6 35 10 12 16  7 11  1  3  7  5 32  2 98  1 48  8 80  0 91 17 46 15 25 13 36 14  8  4 61  9  2  7 96 19 55 18 99 12 44
13 30  3 57 10 19  5 62 18 81  4 22  2 14  8 82 17 36  6 57  7 71  9 80  1 88 15 18 12 31 16 56 19 37 14 86  0 56 11 93
 5 10  0 30 17 89  1 15 11 57 18 44  4 81  9 94 15 79 16 17 19 64  8 70 12 27 13 54 14 74  7 73 10 43  2 60  3  9  6  2
10 97  4 74 17 49  0 35 16 26 12 22  1 59  7 51 14 89 11 76  6 13  9 88  2 51  8 99  3 51 15  1 18 17 13 17 19 34  5 48
14 29  3 49 18 87  6 29  0  1 16  5 17 67  8 37  1 79 11 46 10 50 13 48  7 14  2 85  5 69  9 42 12 11  4 57 15 80 19 33
 2 11  7 42  0 96 11 51 18 21  5 68  8 50 14 52  9  1 10 36 17  5 15 43  4 99 16 56  3 42 13 86  1 50 19 28 12 94  6 61
 2  7 14 77  0 33 12 30 18 13 10 83 19 34  3 49  7 15 16 98  1 89  9 86  6 38  4 78  5 95 17 28 15 65 11  8 13 29  8 60
10 43  0 97  3 76 18 44  4 89  1 21 19 40  8 48  7 97 14 19 13 74  5 54 12 71 11 93 16 11 15 76 17 73  6 28  9 99  2 55
12 13  1 44  2 45 17 74 10 88  5 73 16 36  4 55  9 82  3 54 13 36 18 51 15 61  8 32  7 92 11 67 19 78 14 87  6 41  0 92
18 26  2 61  5 17  8 84  0 40 14 13 10 21  4 55  1 71 19 12  6 57 12 52 11 80 16 98  7 92  9 22 13 18 17 63 15 30  3 49
 1 73 18 39  5 97  8 38  3 24 11 25  9 32 15 39 10 76 13 99  7 66  0 55 16 99 19 25 17 49  6 87  4 20 12 57 14  6  2 95
18 76 16 38 19 10  6 74  4  9 17 25 15  7 14  8  8 18 13 34  3 76 11 46  0 91  5 23 10 10  7 25 12 30  2 56  1  4  9 53
12 38 15 40 10 13 17 61  6 92  0 63  4  8  5 67 11 40 13 71  2 25 18 21  9 30 16 71 14 24  3 28  1 98  7 73 19 84  8 11
 8 83 19 40  5 85 11 22  4 14 10 69  6 82  3 55 16 53  9 41 12 29  2 54 15  6  1 10  0 82 14 67 17 33 13 44 18 44  7 69
14 32 15 45  1 13 13  2  2 28 11 15 17  1 12 90  3 85 18 62 16  5  0 32  8 90  9 23  4 61 19 70 10 84  7 16  5 13  6 40
 2 13 10 18 14 26  8 24 11 67 18 30  6 53  3 27  0 48  5 94  7 27 16 46  9 67 12 50 13  3 15 52  1 40 19 81  4 15 17 72
 4 40 16 20 10 88  6 51 15 56  5 87  8 86  0 49 13 43  3 17 11 85 19 68 14 45  7 48  1 81 12 46  2 11 18 15 17 13  9 43
14 83 17 12  6 72  3 84  9 14 19 47 16 24  5 78  1 86 15 40 11 52  7 53  4 86 10 80  2 95 18 95 12  6  8 74  0 90 13 90
15  8  7 66 10  1 13 37 17 77  8 26  5 86  1 69  0 92  9 44 16 17  6 91  3  4 12 69 14 78 19 47 18 47  4 96 11 56  2 96
16 47  8 51  7 64 18 12  2 44 12 85  0 61 10  5  5 70  3 84 13 26 19 25  9 79 11  1  1 82 17 32 15 65  6 32  4 86 14 22
 8  4  4 51 12 97  1 12  3 60 19 42 17  8 10 50  9 24 14 91  6 60  0 41 15 22 18 38 16 24  7 14 11 38  5 87 13 63  2 52
18 82  2  5  0 15  9 40  5 10 11 90 17  3 14 26  7 64 19 37 16 84  6 74 13 83  1 96  3 85  8 92 10 99 12  3 15 94  4 28
 0 14 11 94  1 56 12  1  8 24  2 28 15 39  6  3  7 61 17 36  3 49  4  4 13 75  5 39 18 32 10 11 19  7  9 99 14 72 16 56
 7 34  3 55  6 27  4  7 10 95 19 10 13 59  2 42 16 25  0 41  1  7 11 78  9 80 18  8 15 69  5 34 14 44 17 85  8  5 12 43
 9 86 18 33  1 46 14 16 12 88  2 91 15 95 19 19 10 89 17 81  0 94  6 50 13 52  5 94  4 62 16 47  7 26  8 75  3 45 11 88
12 39  5 82  9 72  8 17  3 66 15 59 19 89 10 36  4 69  0 31 11 81  2 64 13 39  6 87 18 41  7 13 16 34 14 72  1 62 17 28
16 89  7 26  9 53  3 42 17 11  5 51  0 74 13 11 15  5 19 30 18 97  8 68 10 43 12 76  1  2  2 61  4 42 11 28 14 34  6 64
 0 54 10 75 16 29  5 18  4 93 17 10 11  1  2 53  9  7 18 33 13 98  1 60  6 90  7 33 19 17 14 19 12 75 15 29  8 74  3 92
 0 87 12 76  1 27 11 59  4 50 13 13  8 41  7 60 18 87 10 52  5 20 16  9 15 84 14 93 19 27  3 88 17 11  2 90  6 54  9 11
 9 85  4 77  6 34  5 96  8 86 12 85 14 51 15 64 19 28  2 44  0 45 10 50 18  5  1  4  3 24 17 47 16 13 13 59  7 76 11 57
14 39 16 15 13 44  7 89 10 84  5 37  2 37  8 89 17 61  9 33  1 72  3 85 11  8 15  6 19 93  0 62 12  3 18 97  4 76  6  4
 8 72 15 41  6 46 12 64 13 17  9 99  2  9 18 29  3  2  0 72  4  4 10 51  7 41  5 35 16  3  1 11 19 41 17 22 11  8 14 79
15 51 12  1  9 50  1 18  0 76 18 28 14 73  3 47  8 28  7 20 17 36 10 17  5 95  4 87  6 31 11 82 16 78 13 53 19 83  2  1
 6  2  2 51  7 69 18 21  8 82  9 78 13 40 12  2 19 56 14 64  0  3 16 90 10 32  5 43 11 76  3 16 15 67  1 26 17 30  4 31
 5 67 18 51 12 34  4 27  9 46  2 57  7 36 16 56 14 16  3 56 10 27 11 96 19 70  0 18  1 45 13 30  8 32 17 47  6  1 15 64
 8 30  5 81 19 57  6 42  4 64 12  8 16 90 13 95  0 97  3 82  9 11  1  7  7 85 10 43 18 94 15 85 14  1 11 11  2 95 17 81
19 41  9 67  3 95  0 58 18 87 14 54 16 60 15  1  2 69 17 13  4 99 11  5  6 25  5 45  1 38 10 20 12 40  8 18 13 25  7 34
 9 58 17 93 16 53 15 81 19 34 10 73 18 97  2 42  1 20  4 71 11 22 12 21  3 31  0 99  7 36  5 99  6 38  8 12 13 25 14 22
14 96 15 82 16 74  5 38 10 52  7 93 13 17 12 81  6 19  0 18  3 11 11 60  9 93  1 69 19 27  8 73  4 57 18 46  2 38 17 61
 6 50  2 27  8 71 12 70  3 36  9 82 10 90 13 18 15 93 19 97 11 24 17 93 14 56  7 51 16 89  4 66  0 29  1  8 18 97  5 41
15 64 18 42 13 32  5 37  4 47 14 45 16  7 10 84  6 20  0  1  1 18  9 14 11 88 17 74  8 56  3 69  7 15  2 20 19 63 12 81
17 25  0 29 11 57 12 48  2 90  1 31  4 57 16 86  7 48 10 41 15 80  6 28 19 53  5 39 13 81 14 34  8 88  3 23 18 96  9 21
13 58 15 96 10 74  8 57  4 52 12 66 14 23  1 38 11 95 19 34  6 80  5 52 17  7 18 76  9 23  0 95  7 94  2 86 16 95  3 88
10 53 15 68 12 50 19 95 13 52  8 19  2 81  5 42 17 73 14 50  4 33 16 60  1 82  3 73  9  7  6 73  0 57 18 56 11 82  7 79
 2 36  6 44 11 87  5 86 16 84 14 98  0 83 13 69  8 31 19  2  7 32 15 34  3 33 17 98 18 10 10 14  1 85 12 98  9 72  4 51
13 28 12 13  1 30 15 79  6 50  4 45  2 48 17 31  7 13  9 15  3  8 19 96  5 36 10 63 16 65  8 99 11 72 18 73  0 48 14 89
12 35 16 65  6 20 13 50 18 75 15 13 11 72  4 52  0 72  2 85 17 50 14 11  1 58  8 36 19 54 10 50  9 84  5 32  3 97  7 61
10 97  2 70  0 29  4 73 17 35 18 64  6 69  5 15 19  1  1 64  9 13  8 30 15 66  3  1 11 31 14 49 16 82 13 71  7 74 12 40
 8 51 12 80 14  2  0 71  1 18  3 12  9 91 10 35  5  4  4 75 16 46 11 20 13 54 19 17  6 29 18 53 15 64  2 51  7 82 17 36
13 21 15 78  0 76  5 90 11 12 12 47  7 25 10 95 14 90  4 38  3 17  1 11  6 85 19 42 16 42  8 40 18 68 17 37  9 90  2 26
 7 61  1 65  0 89  2 67 17 18  9  6  3 85  8 43 15 97 18 29 16 64 11 42  6 18 10 29 19 43 14 78  5 36 12 99 13 73  4 24
16 69 13 23 10 67  3 75 14 21  6 43 18 72  0 90 12 39  9 32 15 72  2 46  5 62 11 24 17 75  7 71  4 15  8 55  1 94 19 37
15  2  7 84 16 93 14 70  0 39  4 65 13 24  1 93 11 92  3 95  8 80 10  3 17 31  9 13 19 63  6 16  5 91 12 22  2 79 18 81
18 80 19 79  7  1  3 42  1 96 11 38 10 40 12 29 13 85  4 94  8 30 14 12 17 36  2 25 15 20  5 46  6 43  0 42 16 44  9 96
12 79  6 18  9  4 14 55  1 50  3 31  7 73 15 55  8 39 16 24  0 99 13 60 18  6 19  4  2 68  5 25 17 14  4 93 11 38 10 83
 8 17  5 61  1 83 18 80 10 36 12 60  9 50  6 89 11 60  4 41 17 16 15 48 14 64  3 56 13 60 19 28 16 15  7 91  2 32  0 22
 8 65 17  2  1 16 13 31  9 98  0 83 10 87  6 94  2 79  3  6 11 97 14 40 15 56 18 46  4  5  7 65 12 92  5 60 19 35 16  6
 2 87  4 86  3 23 14 79  9 69  7 26 12 91 10 31 17 80 18 20  8 75 13 74 11 90  6 81  0 52  5 74 15 56 16  8 19 60  1 58
14  4  6 81 15 81  0 83 18 45  2 51 17 71 13 11 10 48  9 71  5 48 16 98 19 25 12  3  7 96  3 23  1 13  4 34  8 60 11 51
12 91  2 77 13 28 19 86 15  6  1 63 11 45  0 13  6 53  7 19 10 12 17 16  9 48 16 38  5 53  3 90 14 27  4 62 18 91  8 29