200 20
 3 80  2 74  9 62 12  6 19  2  1 31  0 61 17 47 14 39  4 84 10  1 13 24 16 92 11 53  8 56 18 97  7 36 15 15  6 17  5 60
15 29  8 31  1 76 18 30 13 93  2 43  4 50  9 25 19 19 12  5  6 50 17 15  3 34  5 74 10 79  7 83 11 65  0 56 14 67 16 73
14 19  9 70  3 31  6 45  2 15  1 24 18 79  8 77  5 39  4 22  7 80  0 93 15 17 13 93 19 88 17 60 10 31 12  7 11 74 16 79
16 68 15 10 17 25 13 90  3 44  4 62  0 79 11 41 19  6  5 23  8 22  2 66 14 31  7 54 12 70  6 30 18 95  9 88 10 18  1 41
 1 29 13 31  8 17  4 44  3 50 18 55  0 13 12 20  6 20  5 44 17 34 19 65 10 60 15 50  2  3 11 68 16 20 14 59  9 95  7 88
11 50  1  2  8 91  6 68 14 35  3 66  7 44 13 31 10 67  9 74 12 63 15 55 18 90 16 17 19 19 17  7  4 63  5  3  2 87  0 83
11 82 18 26  7 90 14 69  3 93  0 54 15 59 16 50 13  3 19 59  9 44  6 92 12 64  8 96  2  6  5 53 10 64  1 71  4 63 17 91
 6 38  9 18 17 82  7 70 15 58  8 59 14 85 19 15  3 16 13  5 12 87  4 73 10 74  0 24  1 73  2 63 11 45 18 65 16 17  5 95
13  9 14 23  4  9  3 65 10 91 19  9  5 28 17 11  0 36  7 82 15 10  9 83  8 66 12 47 11 85  2 60  6 59 16 66 18 54  1 55
19 31  8 26 15 60  6 89 11 29  4  2  7 70 18 79 12 19  5 82  9 37 17 42 13 57  1 25  3 54 16 95 14 86  0 85 10 11  2 57
11 34  5 11  3 57 13 71 19 89 17 82  2 22 16  4  4 29 18 91 14 39  7 35  9 80 10 58 12 15 15  2  0 51  6 68  8 15  1 23
18 40 12 85  3 51 10 27  8 87 16 31  6 78  9 71 15  6 19 98 17 99 14 99  2 61  1 79  0 54  4 12  7 98 13 80  5 77 11  6
11 84  1 86 17 62 14 45  7 85  3 80 16 42 18 46 10  1  8 40 12 30 15 49  5 41  9 57  2 52  6 81  4 53  0 68 13 21 19 37
10 69 16 47  7 98  1 71 15 81  0  3  2 33  3 39 19 71 18 14  5 37 13  4  8 53  4 37 11 59  6 90 12 69 17 10 14 29  9 58
 4 84  2 90  5 28 19 13  9 11 11 84  1 54  6 76 14 42 18 13 13 14  0 33 12 44  3 49 10 91  8 91  7 17 15 48 17 76 16 45
 5 59 19 53  3 16  0 63  4 94 10 32  6 41  2 10 17 29 11 17 14  3  9  3 13 61  1 99 15  6 18 33  7 40 16 12 12 89  8 63
 9 77 18 11  5 13 14 62  1 60 15 15 10 70  2 17 11 81  3 35  0  6  7 64  8 99 19 83 17 55 12 17  6 15 16 83 13 68  4 70
12 64  1 20  8 59 10 72  4 65 13 79 14 98  3 63 17 68 18 53  0 42 16 36 15 45  6 34  7 83 19 28 11 65  9 21  5 25  2 31
 9 14 11 23 10 27 12 16 15 32 19 68  6 41  1 23  0 30 13 40  8  9  2 86  4 22 14 41  3 80  7 65 17 32 18 62  5 82 16 19
10 47 16 81  4 28  0 49  1 52  9 58  6  3 15 15 11 36  8  1 14 48 19 20 12 34  2 38  5 54 17 51 18 51 13 99  7 49  3 43
12 34 16 65 19 60  3 10 18 89 17 48 10 77  1 50 15 78  9 55  0 37 13 55  5 63  2 89  6  2  7 75  8 48 14 37  4 23 11 78
15 88 13 72 14 46  6 81  9 98  3 41  4 65  0 21  2 55  7  5 11 78 16 27 12 40 10 52  1 53 19 73 17 49 18  5  8 22  5 62
19  7  4 21  3 60 18  2 17 63  7 58 16 54 10 75  6 81 14 99 15 57 13 77  9 28  0 41  8 58  5 51  1 52  2 40 12 59 11 98
13 40 16 35 14 48 15 98  0 87  2 20  3  3  8  9 17 26  5 47 11 84  1 69  4 34  7 52  6 76  9 15 18 27 12 75 10 73 19 56
15  9 13 68 19 69  6  3  8 35  0 98  4 20  3 83 17 77  1 93  7 15 18 33  5 60  9 18 12  2 16  5 14 30 11 98  2 78 10  5
 5  7  0  3  6 76 16 85  9 91 13 70 10 41 14 60 19 99 18  7  7 88 11 96  1 38  3 34  2 59 15 77  8 80 12 74  4 51 17 12
 2 73  7 44  8 14 11 55 17 81  9 81 10 66  0 83 14 67 19 85 15 32  4 56 13 56 12 98  3 15  5 16 18 86  1  6 16 67  6  7
17 42 15 18  8 12  6 48 10 17  9  2 14 51  7 65 19 63  3 88 13  6 18 74  4 98  2 96 12 86  0 11  5 39 11  2  1 81 16 48
 0  1 11 43  9 64 18 84 14 12  3 70 15 85 13 86 16 21 12 53  8 17  1 47 17 54  7 82 19 21  5 89  4  1  2 45 10 37  6 29
17 45 15 87 10 45 19 56 11 33  8 56 12  4  7 96 13 16  3  3 16 91  9 81  4 85  5 90  6 51  0 88  1 60  2 72 14 81 18 45
19 36 17 65  4 19  0  1  9  5  8 39 11  7 15 61  3 40 10  4  5 14 13 36 12 51  2 76 16 44  1 32 14 40  6 58  7 17 18 91
 9 71 14 34 13 95 11  2  0 90 16 77 18 59  4 62  8 21 10 28 15 58  6 16 12 80  1 84  3 75 17  8  7 83  2  8  5 62 19 79
17  1  4 38 11 51  6 47 18 20  5 65 15 60  8 81 10 78  1 74 16 95 13 80  9 79  0 65 12 85  7 41 14 37  3 82  2 66 19 25
16 26 17 19 12 97  5 88 10 60 18 40  8 24 11 92 19 15 15 61 14 57  3 80  2 39  7 96  1 53  6 64 13 13  4 41  0 88  9 25
 3 67  9 65  1 74  7  2 15 72  4 46  5 50 18 96 12 69  2 35 11 44 16 41 13 73 10 53 17 84 14 17  8 51  6 19 19 77  0 10
19 36  2 61  4 88  3 13  0 30  9 28  5 98 13 98  7  8  8 50 17 22  1  7 14 63 12 69  6 29 15 80 10 18 18 52 16  5 11 84
15 23 13 78  6 63  4 81 18  7 17  1 11 48  5 40 16 91 12 47  1 21 10 95  7 14  0 70  2 98  9 38  3  8 19 24 14 57  8 21
14 93  5 13  8 74  0 59  9 57 12 70 17 46 10 73  6 11  7 93  1 80 11 13 19 76  2 68  4 27 15 19 13 12 16 18 18 50  3 69
14 62 18 69  6 99 16  5  5  5  1 16  7 27 19  5  4 59 10 48  3 93 13 79 12 70  0 30  9 46  8 48 17 64  2 92 11 35 15 48
 9 46  8 25 18 89  0 14 11 77 17 49 13 50  1  6 19 91 16 96 15 30 12 64  2  8  6 19  7 70 14 40 10 84  4  3  5 16  3  2
 5 33 10 10 11 82  0 30 12 72 17 28  2 29  8 62  6 76 16 89 14 34  9 85  3 17 15 46 19 69 18 82  7 35 13 89  1 67  4 30
17 11  0 45  3 77 12 14  6 75  8  5 16 27 13 25 11  8 15 16  1 13  9 46  7 83  5 92 18 52 10 51  4 71  2 29 14 25 19  3
 0 91 12 64  8 67  5 14  3 29 19 30  9  1 16 95  6 65 15 42  4 44  1 69 13 19 10 86 18 36 14 32  7  8  2 86 11 42 17 67
 0 43  1 90  2 97  6 92  8 85  4 87  9 98 16 28 13 24  3 41 14 57 17 26  7 56 19 22  5 17 12 89 15 91 10  5 11 14 18 79
18 17 19 83  6 22  5 84  8 36  4  9  0 31  2 87  7 86 13 17  3 98 15 80  1 28 16 55 17 74 11 44 14 11  9 79 12 88 10 92
14 89 11 60  8 48  3 31  4 94  1 48  9 22 19 37 17 69  6 51 10 38 18 36  2 29 16 45 15  1  7  3 12 60  5 95  0 48 13 47
 0 25 13 77 19 57  1 69 14 97  8 33  6 98 18 19 17  6 16 71 10 84  3 78 12 60 15 83  9  8 11 83  5 59  2 18  4 32  7 50
 9 65  5 19  1 55 19 11 14 98 12 33 17  7  2 21  3 82 11 60  4  1 10 48 16 41  8 61  0 31 18 37 13  7 15 78  7 31  6 81
16 88  7 17  9 43 13 41 15 12  0 75  2 93 11 76  1 58  6 51 10 32 18 15 19 86 14 26 17 17  3 85  8 69  4 23  5 99 12 11
 7 96 19 28 13 35  2 43  1 85  3  1 16 76 15 88  9 45 18 16 14 40 11 92  4 12  6 99 17 86  8 24  0 85 12 81 10  9  5 93
19 23  2 33 15 72  0 92 17  4  8 48 13 70  5 58  6 13  1 24 12 91  9 34 11 21 18 25  4 84  7 81  3 23 16 83 10 42 14 46
15 63 11 84  0 90  4 98  7 68  8 80  5 95 17  9  3 88  9 80 12 18  6 15 16 38 18 12 14 22 13 42 19 39  2 74  1 52 10 28
 2 70  7 29  8 38 14 27  3  5  0 27 16 35  1 28  4 71 15 54 17 49 11 76 13 52 18  3  6 63 10  6  5 78  9  4 19 41 12 77
16 65 13  5 10 80  3 45  5 67 19 88  8 55 15 80  0 20 17 73 12 23  1 99  2  7 18 14 14 21  7  6  6 80  9 85  4 64 11 45
18 51  2 78  1 88  4 95 16 34 15 89  7 57  3 78 14 46 13 75 12 58 19 68 10 39  5 89 17 66  0 40  6 14 11 52  8 70  9 89
18 35  2 39 19  6 12 13  7 51  5 67  9 16  3 92  4 92  6 22 15 18 10 55 14 52 17 78 11 93  8 47  1 68  0 39 13 11 16 32
11 42  2 49  6 31 14 89 12 81  1 94 10 83 16 74 18 38  9  6  0 43  7 19 17  7 15 13  3 74  8  4  5  6  4 35 19 90 13 46
 4 42  0 88 17 49  7 45 12 29  9 83 16 87 18 63  6 67  8 80 19  4  2 53 11 13 15 73  5 26 14 20 13 86  1 58  3 12 10 36
19 11 12 40 18 61 11 15  4 16 17 79  3 26  1 37 15 18  8 28 10 74  0 93 14 36 16 23  7 63  9  8 13 46  5 13  2 83  6 14
10 10  6 18  1 23 12 13  4 16 11  5  7 79  8 85 15 36  5 21  3 36 14 72 16 69  9 46 19 63  0 87 18 14 17 67 13 46  2 14
14 27  5 61 17 84 16 13 12 91 18 70  4 48  8 33 10 70 15 54  6 71  1 58  9 86  2 22 19 16  0 41  7 70 13 70  3 30 11 62
 5 96  1 39  7 76 13 63 11 11 16 78 15 94  0 69  9 27  8 83  3 90  2 87 12 44 14 92  6 64  4 97 19 61 10  5 18 25 17 84
 6 61  9 94  7 45  0 61 19 75  3 67 14 58  8 10 13 31 15 76  5 94 18 11 10 80  4  2 17 11 11 14 12 87  2 94 16 84  1 72
10 58  3 50  6 50 14 26  7  4 11 75 19 85  5 15 13 90 17 83  9 54 12 21  8  4  1 72  0 12 18 80 16 22  4 26  2 80 15 20
 0 15 12 95 15 19  1 15  7 45 14 11 13 49 18 91 17 10  8 18  9 94  4 17 16 79  5 68 11 16  6 93 19 75  2 36 10 31  3 51
 1 75 16 93 13  6  5 41  7 76 17 90  9 60 10 10  4 97  8  4 19 38  3 86 14 87  0 86 11 65 12 71 18 79  6 68  2 23 15  7
 2 29 10 41  6 72  1 29 17 47 18 52 14 44  4 63  8 53 15 12 19 74 11 93 13 74 12 62  0 96  7 11 16 75  5 50  9 15  3 75
 1 18 10 77 15 35  3 63 18 96 16 88 19 45  2 60  4 43  8 17 13 14  5 79 14 64  7 40 12 54 11 67  9 89  0 23  6 84 17 40
16 68  1 17 18 98  7  8  8 47 17 88  5 41 11 49  0 82 15 23  2 50 14  4 12 57 19 75  4 80  6 49  9 32 13 41  3 91 10 78
15 74 18 24 10  9 12 93  4 76 17 38  1  9 13 17  6 79  2  9  5 64 19 41  8 34 11 79 16 52  9 41  3 90  7 91  0 64 14 11
 8 65 17 35 15 95  0 75 14 90  2 63  6 73  1 93  5 57 13 14 10 43  3 48 18 75 12 88  9 67 19 24 16 18 11 80  7 55  4 47
 8 35 14 59  6 58  3 76  0 71 10 37 17  6  1 24 19 46 13 13 18 62 15 35  7 94  4 36  5 78 16  5  2 19 12 24 11 84  9 74
18 59  1 81 19 32  6 15 10 81  4 34  2 69  9  9  5 74 14 31 17 54 12 39 15  6 11  2 16 98  8  5 13 95  3 53  0 28  7 14
 6 52 13  4  4 51  2 14  3 38 16 54  7 29  1 49  9 13 10 32  8  4 17 92  0 94 15 87  5 88 18 99 19 53 14 51 11 83 12  2
14 68 17  5 18 27  1 93  8 55 15 31 19 11  9  8  2 72  3 60  5 49 11 21 12 53 13 80 16  7  0 77  7 35 10 77  4 62  6 93
14  2  4 55  1 39  6 28  9 10 10 32 19 71 17 26 11 56 12 33 18 29  5  2  2 27  0 60  8  8  7 88 16 81  3 98 15 47 13  4
 0 92 17 39  5 62  8 48 12 51 14 27  4 98  9 30 11 31 10 36  7  4 13 87 16 66  3 64 15 66 18 55  2 31  1 85 19 92  6 79
16 31 18 24 17 38  7 22 14 50 12 28  9  3  5 27  1 11  3 29  8 94 19 70  6  7 11 45 10 16  0 48  2 25 13 29 15 59  4 91
 0 20 18 68 10 70 17 91  9 30 12  8  2 67 11 87  1 95 15 45  4 72 16 22  7 32  8 50  5 64 14 25 13 60  6 51  3 46 19 83
14 70 10 93  3 42 12 43  9 61  8 74 17 40 19 17 13 25  2 11 11 44  4 14  5 27  7 50 18 46 16 81 15 77  1 98  0 63  6 72
10 78 18 32 13 92 17 58 14 64  2  7  5  3 16 51 15  9  3 74  6 59 11 72  4 37  9 72 19 26  7  3  1 21  0 68  8  8 12  2
 7 32 15 71 14  7  4 75 13 96 10 32 11 53 17 15 12  4  9 26  0 33  2 82  8 96 19 59  5 91  6 74 18 51  3 79  1 15 16 78
15 68  3 17 14 67 16 94 18 75  6 73 10 34  2 79 13 80  8 29 19 16  4 73 11  9  5 78  9 34  0 84 12 16 17 19  1 78  7 19
12  4 17 40 13 57 14 60 10 71 19 88  6 32 16 87  0 56  4 69  9 74 15 93  3 39  5 37  7 36  2 51  1 85  8 58 18 60 11 40
14 92 13 33  6 82  1 36  3 93  5 62  2 28 17 81  8 50  9  3 16 53 12 32  0 68 10 22 18 33 19 51  7 72  4 14 15 56 11 83
14 99  2 18  4 14  5 96 17 50 11 75 19 60  1 32 15 34  0 14  7  3  9 24  6  9  3 20 13 50 16 10 12 84 10 71 18 41  8 27
 0 26  9 39  5 71 12 41 17 13  8 29 11 22 13 74  4 24 19 46 15 21 18 99  3 68 14 16  1 80 10 88  2 72  7 55  6 48 16 77
13 28 14 31 19 93  4 23 18 58  2 85 11 20 17 25  7 72  8  1 10 24  3 86  1 73 12 39  9  6 15 33  6 82  5 44  0 93 16 16
10 18 14 17  6 90  1 63 19 32  5  9 17 55  9 58 15 71 18 67 16 65  2 42 11 56  3 81  0 37  7 77 12 12  8 66 13 61  4 70
 0 76  5 59 18 32  9  3 11 30  7 25 13 80 10 62 15 13 14 33 19 79 12 25  1 75  4 13  2 72  8 51  6  6 17 87 16 60  3 80
18 46  6 42 11 93  9 22  1 24  3 58 14 77 17 83  0 67  2 22 13  9  4 20 19 40 10  4  7 78  5 19 16 90 15 45  8 85 12  5
 2 91 19 81 18 59  4 99 11 57  6 28  7 20  9  3  1 49 17 86 14  8  0 69  3 20 10 99  8 46 12 38 16 58  5 81 15 81 13 55
 3 48  4  8  7 51 11 51 12 31  8 26 14 33 18  5 13  8  1 48  6 68 19 17 10 99  0 63  9 75  5 41  2 61 15 92 16 75 17 70
16 97  9 97  1 38 18 65 12 68 17 28  7 23 19 27 13 20 15 69 14  5 11 44  6 58  2 13  3 37  0 59  8 13  4 79 10 24  5 69
10 95  9 64 19  4  2 16 14 19  4 81  7 79  5 49 13 10 17 30 11 92  1 89  3 50 15 33  0 58 16 18 12 99 18 71  8  1  6 77
 5 60  8 16 10 19 13 38 14 91 18 30 17 47  0 63  7 40  4 89  1  1 16 87  2 94  6 75  9 84 19 38 12 95  3 96 11 21 15 30
18 51  3 78  1 33  2 40 16 71 10 40 15 55 13 14 17 22 11  9  6 93  4 94  7 80  5 25 19 86  0  6 12 44  8 88 14 69  9 63
 7 62  9 46 11  8  2 72 13 12 10 54  3 76  1  1  6 25  0 92 14 35 15 30 17 22  4 43  8 65 18 32  5 73 19 96 16 84 12 48
 1 91  4 70 18 35  7 24 14 78  8 85  6 89  9 81 11 25  3 56 15 82 10  8 13 18  5 12  2 44 16 82  0 19 12 59 19 18 17 23
 8 14  4 66 16 94  2 44 15 66 12 73 18 35  3 52 10 28  6  8  9 87 13 64 14 71  1  6 19 76  7 77  5 47  0 55 17 30 11 21
18 81  9 20  0 74 15 61  2 65 10  2  4 41 19 10 14 28  6  1  8 73  3 37  7 66  1 91 13 34 16 52 12 70 11 30  5 64 17 51
 9 45 11 88  3 89  2 28  6 97 15 55 13 68 19  7 18 31 17 38  1 74  0 98  5 48  4 26 10 74  8 18  7 48 16 46 12 11 14  6
 2 84  6 67  7 74  0 32 13 81 11 28 14 67 10 70  4 77  8 98 16 93 17 37 19 56 18 93 12 17  3 31  1 65  9 89 15 43  5  8
19 19  8 97 11 14  3 31 14 48  4 75 15 77  5 91  9 91 17 93 10 18 12  1 18 74  2  8 13 54  0 28  1 37  6 88 16 65  7 63
 1 97  4 13 15 93 11 30 18 88 14 40 16 69  3 47  5 94  9 78  0 63  7 90  8 29  2 74 10 21 13 68  6 27 19  6 12 94 17 50
 3 29 13 49  9 29 15 44  5 88 14 42 16 89  2 53 11 83 17  7  4 91  1 42  0 60 19  7 18 85  7 78 10 33  8 46 12 28  6 72
14 97 18  4  8 71  2 80  9  1  7 44  1 87  0 27 15 20 17 10  5  7  3 72 11 42 19 83 10 85 12  6 13 95  4 66 16 69  6 28
 7 73 11 89 18 40  0 38  8 44  4 55  5 35 16 14 19 33  2 24 12 28 14 79 10 33  9 44  1 91  6 92 17 79 13 76 15 41  3 31
 8 48  9 32  5 56  1 64  2 50 16 90  0 93  7 51 17 10 19 23  6 24 14 69 12 44 11  1  3  6 10 93 13 96 18 93  4  4 15 49
11 82 17  9 12 15 18  8 19 10 16 32  4 11  0 27  5 31 10 68 15 35  3 31 13 42 14 38  2 24  6 42  8  9  9 43  7 74  1 30
 8 22  0 40 15 77 11 93  1  6 18 45  4 29 12 71 17 84  7 89 16 96  3 80 13 75  6 92  9 89 19 26 14 81  5 24  2 50 10 82
 0 28  9 86  5 87 11 95  2 63  4 95  8 54 10 71  6 27  3 44 14  1  1 99 18  5 16 89 15 97 12 38 13 50 19 64  7  8 17 82
11 76 19 13 12 68  5 45 14 61  8 25 13 21 10 99  4 10  7 21 16 33 18  2  9 11  6 77  3 79 17 87  1 61  0 82  2 56 15 46
 4 64 16 78  5  7 17 74 10 94 18 47 11 47  2 72 14 60 13 85  8 40  6 45 12 24 15 20  1 10  7 67 19 15  0 72  3 77  9 99
 7 63  2 50 12 76 11 77 18 65  8 81 19 63  3  7 16 22  0 78  1 37 13 34 10 91  9  9 17 62  5 28  6 61 15 66  4 57 14 91
 4 75  5 13 10 41  2 90  1 28  8 31 19 17 14 20 16 35  7  3 15  3  0 49  6 71 18 36  3 37 11 22  9 35 17 71 12 59 13 75
 7 77  4  6 14 46 11 59 10 76  9 69 19 62 17 61  0 79  8 39  2 14  6  7 18 85 16 91 12 70  3 17  1 13 15 68  5 30 13 77
 8 93  6 60 19 36 17 16 10 81  0 19 11 80  1 59  4 81 15 43 18 18 16 36 13 67  5 19 14 97  3  8  9 16 12 40  2 74  7 69
 9 10 14 38 18 45  0 14 12 69  1 50 10 14 13 45  3 32  2 10 11 93 17 93 15 23 16 20  4 70  7 45  5  9  8 60  6 13 19 64
10 55  1 84 13  7 15 34 14  2  2 71  3 42 18 31  0 65 16 18  7 29 19 26  6 97  9 79 17 31  8 27 12 98  4 38  5 27 11 11
 8 56 16 51  1 81  5 47 17 71 13 55 11 51  0 32 18 90 15 81  4 47  9  6 12 99  2 91  6 41  7 29 14 99 10 31 19 97  3 48
 7 31 12 72 14 44  0 81 13 28 11 59  8  1 16 52 15 73  4 77  6 95  3 18  1 68  9 99  2 47 17 63  5 17 10  4 19 86 18 17
 3 42 13 10  0 71 10 22 18 40  6  6 17 36  8 99 15 91  5 88 19 36 14 32  2 89  7 14 16 42 12 64  1 55  4 94 11 92  9 99
10 19  7 46 12 47 14 69  1 13 11 57 13 51  0  5  5 19  8 80  9 97  6 26 16 85  2 66  4 56 18 16 19 67 17  1 15 66  3 75
 3 82 17  6 11 24  4 97 19 61  5 39 10 64  1 31  8 86  7 72 14 46  2 30 13 96  0 29 18 55  6 66  9 27 16 97 15 68 12  4
18 31  5 74  2 49  7 54 10 55  8 86  1 47 15 86 16 36 17 52  0 37 19 67  3 63 14 58  9 34 11 26 12 61 13 96  4 56  6 18
 8 46 11 86  4 71  9 99  7 50  1 96 10 74  6  3 18 12 16 36 19 64 14 57  3 68 13 58  2 32 15 69  0 95  5 62 17 51 12 62
 6  4 16 14 15 97 11  9  5 83 18 88  7 76 19 33 17 23  1 51  9 55 10 25  4 21 12 21  8 51 14 13  0 64  2 11  3 17 13 70
 5 87 17  2  8 62  0 28 12 43  2 56 16 10 18 45 11  4  1  3  3 20  4 21 10 33 19 41 13 38  9 41 14 97  7 24 15 10  6 88
 9 71  6 50 12 29 10 50 15 66 19 74  4 28 18 47  0  9  2 51  5 53 11 46 16 81  1 79 13 13  8 80  7 55  3 97 14 48 17  2
 5 72 14 40  1 91  3 23  9 40 13 44 12 12 10 33 19 31 11 74 15 98 16 31  4 19  0 59  8 43  7 20  2 44 18 19 17  9  6 40
11 21  8 56  5 35  2 62 17 12  1 58  7 26 12 74 19 18 16  3 10 70 15 17  3 24  0 79 13  9 18 16  6 17  9 86 14  3  4 41
 7 26  2 44  4 21 15 17 12 36  3 60 11 70 16 82 14 44 10 53 19 35 17 33  8 14  1 37  9 52 18 35  5 72  0 58  6 41 13 42
 0 36  6 56 15 16 19 94  2 16 14 62 12 55  3 95  4 64  8 70 13 77  7 31 18  7 11 81  5 25 16 63  9 63  1  9 10 24 17 52
 5 13  0 44  3 95 16  3  4 15 13 59  1 51  8  6  7 54 17 86 10 74 11 73  9 44  6 35  2 67 19 83 14 36 18 49 12  5 15 71
 3 20 16  8 18 85 14 93  8 67  0 13  2  1  7 44  1 22 13 36  9  1 10 87 11  8 19 80  5  1  4 63  6 45 12 27 17 34 15 10
 8 25  3 39 19 37 12 93  4 26  2 79 17 98 14  5 18 24  1 71  6 14  0 39  5 82 15 10 13 96  9 88 16 20 10  3  7 23 11 52
 1 71 10 50 12 19  8 62  6 93  9 54 13 91  5 90 15 96 18  4  0 56  7 29 17 33 11 67 19 40  4 31 16  3 14 61  2 40  3 29
 1 14 16 84 15 45 19 74 11 97  3 22  0 56  4 19  6 63 10 22  9  4  2 59  5  5 18  6  7 69 14 86  8 97 17 97 13 63 12 34
10 53  1 62  6  9 13 41 18 23  8 86  7 77 15 96  3 60 11 78  0 82 12 62 19 45 16 21  4 29 17 96 14 53  9 54  2 51  5  7
 3 83 13 54  4 41  7 32 12 92  0 75 17 19 19 11 14 32 18 44 15 43  6 41 11 14  8 41  5 69  9 62  1 19 10  7 16 42  2 32
 3 39 14 16 16 77  6 71 19 52 13 35  0 90  7 51  5 28 15 43 11 68  8 22  1 68  2 47 12  5 18 37  9 51  4 20 10 89 17 77
 7 47  1 25  0 22  8 91 14 54  9 71 17 74  3 63 18 54 10 29 16 55  6 68 19 97 12 65  2 98 13 53 11 32 15 24  5 44  4 35
19 48 11 82 12 30  1 86 14 66  8 34 15 76 17  6  5 34  6 19  7 93 16 24  2  8  0  7  9 47  4 51 13 91  3 48 18 82 10 65
10 10 13 34  7 73 18 29 16  4  3 64 15 91  6  8 14 37  0  6 19 56 17 47  5 88  8 15  9 61 11  8  1  5  4 93  2 92 12 60
17 50  2 14 13 89  0 81 18 22  4 19 14 77  5 84 11 26  3 65  7 43  6 67  9 27 19 36 12 91  8 78 15 63 10 83 16 53  1 42
13 87  0 57  4 15 16 85 17 74  6 76  3 23 11 62 12 12  5 80  7 30  2 59  8 12 15 75 18 78 14 95 19 27 10 96  1 60  9 28
 0 60  6 53  3  8 17 58 11 39 18 15 19 61  1 24 10 22  7 23  9 53 16 26  2 13 15 85 12 98  4 36  8 50 13 28  5 80 14 76
10  3  7 25  5 81  3 52 14 10 18 82  2 77  6 82  0 99 12 51  4 89 19 29 13 44 17 67 15 77 11 79 16 92  1 36  9 90  8 39
14 58 16 67 17  3 18 60 10 27 15 64  2 70  1  3  0 43  5 80  8 82 13 99  3 36 19 36 11 62 12 27  6 10  4 84  9 43  7 55
17 46 16 30 18 16  1 48 14 33  4 50  2  9  9 45  3 38  8 46  0 78 11 48  6 56 15 72  5 61 19  2 12 39  7 73 13 66 10 17
 9 64 16 75  6 99 14 69  4 54  0 55  5 90 19 45 12 21  1 98 13 38 15  1  8 66 10 47  7 91 11 33 17 35 18 56  3  5  2 81
10 21  2  5  5 12  4 44  0 19 17 83 16 95 15 76 18 72 11 16 14 60  6 54  9 35  7 11  3 41  8 24 12 27 19 59 13 52  1 64
11 54 15 88  7  1  4 46  2  6 13 48 10 47  5 85 18 41 16 65  8  2  9 64  1 92 17 50 19 23 14 14  0 61  3 15  6 14 12 42
 3 12 14 18  7 85 15 41 11 74 17 38 13 83  6  8  2 77  8 14 12 20 10 93 19 89  9 70 16 51 18 26  4 28  5 36  0 41  1 18
17 44 12 32  3  3  8 26  1 58  5 77  4 22  6 57 19 74 14  7  9 44 10 64 15 35 13 89  2 40  0 27 11 96  7 31 16 85 18  8
10 37  1 10  4 72  3 65  0 86  6 62 18 84 19 60 15 94 16 59 11 17  8 43  2 93 14 98 17 22 12 61  7 58  5 69 13 93  9 37
16 79  2 35  6 20  4 66 10  8  1 15 15 53  5 19  8 10 13 26  7 52 17 38  0 75 18 63 14 96  3 90  9 42 11 28 12 60 19 66
11 60  9 99 13 52 12  9 10 38  0  9 19 96  2 33  6 22  8 85  7 48  4 88 14 82  1 66 16 63 15 37  5 51 17 17  3 82 18 61
 6 24 12 62  2 19 17 15  9 78 16 84  5 37 19 82  4 98 14 40 18 20  8 80 11 32 10 76 15 49  3 36  1  9  0 74  7 80 13 94
15 66 11 92  6 77  0 46 13 88  9 53  7  4  3 26  5 16  1 96  2 45 17 74  8 14 18 89 12 96  4 82 10 97 16 67 19 79 14 74
 0 99 19 35  7 60  8  8 17 31 15 65 12  2  4 89 13 41  1 26  6 73 10 51 16 74 14 74 11 95  5 86  9 59  3 68  2 67 18  2
12 52 15 68  9 12 11 68 14 74 19 32  7  3  6 50 10 80  2 25 13 21  5 17 18 18 16  5  4 24  8 97  3 50  1 10  0 95 17 68
17 69 13 42  8 96  1 73 18 52 16 23 19 35  9 23  4 73 10 86  0 90  6  9  7 62 15 43  2 74 12  3 14 22  3 52 11 14  5 71
 3  6 17 42  5 83 16 53 15 82 12 87 10 92  7 78 14 20 18 29  0 99 13 41  6 39 11 26  2 86  8 30 19 80  1 59  4  3  9 39
16  3 11  6  2 85 19 94 12 13  8 98 17 32  7  1  0 41  6 76 15 43 13 55 18 88  3 43  1 68  5 58  4 52 10 56 14 63  9 37
18 35  3 89 15  3 12 11  0 15 19 75 16 12  2 88  6 38  9 51  5 37 10 82 17 51 11 43  1 87  7 60 13 64  8 50 14 60  4 68
16 57  5 70  9 16  1 62 13 46  2 11 14 11 18 43  4 89  7  5 19 87 17 82  8 15 10  9 11 57 12 66  6 11  3 44 15 62  0 89
 8  9 18 70 10  4 15 69 19 19 11  3  5  5 16 46 14 54  0  7  7 42  6 40 17 84 13 35  4 49  1  6  9 55 12 88  2 12  3 29
 1 36  0 74 11  1 14 40  8 23 13 33  7 83 12 79 17 23 18 95 10 52  2 38  6 79  4  2  3 96 19  3  5 19  9 87 16  2 15 67
15 59 18 93 13 56  5 49 17 17  6 63  2 20 14 49 10  4  0 87 16 32 12  6  4 61  3 75 11 92  9 94  7 83 19  1  8 36  1 80
 9 82  8  6 10 54 13 48 11 95 19 52 14 28 12 27  2 70 18 84  7 83  6 40  4 18 15  4 16 88  5 90  3 68  0 41 17 17  1  5
 9 82  0  2 17 66  5 84 16 31  8 45 11 43 15 47 13  1 18 40 12 31 14 54  7 13 19 47  3 60  6 46  1 23  4 52 10 66  2 62
 3 99 19 38  0 64  6 63 13 47  1 67 18 80  9 86 12 98  7  4  2 72  4 90 16 70  5 36 15 81 10 10  8 14 11 38 17 65 14 30
11 71 19 12  6 63 15 55 16 86 12 47  2 97  7 25  0 25  1 85 14 79 10 68  9 12 13 13 17 59  5 77  3 28 18 64  8 71  4 73
15 49 11 55 13  4 10 24  5 77 17 25 12 79  3 93  9 29  6 77  0 96 16 37 18 32  8 18 19 12  4 52  7  2  1 23  2 74 14 57
10 29 19 90  8 34  2 28  1 39  9 99 14 23  7 22 12  1 17 96  3 39 13 96 16 45 11 21 15 92  6 30  0 82  4 50 18 38  5 51
 0 36 16 53  9  3 15 92  5 88 17 36  4  5 10 55  6 60 18 61  2 32 13 25 14 40 11 38  7 70 12 70  8  6  3 35  1 64 19 53
16 50  8 50 13 17  7 21 14 84  1 48 18 50  9 10 11  2 15 85 10 64  4 42  0 21  5 54 17 53 12 61  3 88 19 46  2 67  6 75
 0 49  9 19 19 73  5 52 18 59  6 39  2 60 17  3 14 91  7 97  3  2 13 18 15 79  1 83 16 79  8 36  4 60 10 26 11 15 12 31
17 62 19 11  4 63  2 36 12 61 11 31  0 26  5 44  6 82 18 34  7 59 14 16 16 85  8 14  3 77 10 87  9 42 13 77  1 71 15 75
13 84 14  7  5 44  7 61 19 83 16 78 17 32  1 15 18 35  4 94 15 66  3 37  8 97 11 12 12 98  2 21 10 86  6 84  0 63  9 25
 2 33 18 53  0  2 13 72 16 21 11 99  9 51  8 88 12 36  3 57 10 61 17 68  5 74 14 59  6 62  4 35  7 56 15  4  1 86 19 74
14 65 12 42  9 94 11 69  6 74 15 81  0  6  3 25  2 27  1 86 10 81 17 23  4  9 13 55  7 59 18  1 16 83 19 64  8 15  5  6
14 82  2 80 10 65  1 86 17 68 15 82  4 66 13 46 19 33  6 29  5  9 18 84  3 35 11  5 16 79  8 40  9 42 12 63  7 29  0 62
 5  7 19 64  0 69 18 27  9 53 17 59 14 99  2 78  8 20  1 30 16 74  7 51 13 99 10 81 15 59 12 98 11 97  4 28  3 42  6 75
12 59 15 56  9 49  5 87  7 45  6 92  4 69 17 71  3 72  0 14 16 22  8  5 11 66 14 32  1 22  2  9 13 69 18 79 19 24 10 34
 7 16  8 26  4 18  1 59  0 74  5 93 17 81 18 91  9 69 16  3 14 77 11 34  3 42 19 96 12 20 10 90  2 34 15 86 13 11  6 91
10 99 13 94 11 67  2  4 14 65  5 26 16 26  9 74 18 37 17 69  0 43  7 75  3 43  1 61  8 47  4 41 15 99 19 31  6 22 12 88
 5  7 16 96  8 26 15 62 14 23  6 29  7 44 10  9 13 79  1 23 19 24  3  8 18 26  0 44  9 35 11 28  4 66 12 12 17 12  2 53
 5 93 18  7  9 10  1 38 10 49 15 82 16 28 19  6 17 53  2 39  0 92 12  1  3 87 11 24  8 19 13 69  6  6 14 22  4 58  7 53
 2 11  5 62  1 49  4 19  0 92  7 44 19  5 18 29 13 49  8 21 10 76 12 98  6 91 15 13  9 15 17 41  3 54 16 60 11 51 14 78
 2 80  1 66 16 59 15 67  9 43  5 40 10 14 18 72  7 96  0  4 19 48 17 81  8 50 11  1 12 11 14 91  3  3  4 44  6 37 13 42
 8 82 16 43  1 10 14 80 18 33  0 32  3 13 15 89 13 76 19 22  4 26 17 26  9 94  6 15 10 52  2 63 12 82  5 53  7 46 11 14
11 56  4 78  7  8 16 57  6 57  3 48 18 92 17 88 10 17 15 64  5 29  0  7 13 76 14 95  2 58  9 76 12 82  8 69  1 69 19 53
 4 54 16 92  2  5 19 12  5 62 10  8 13 17 11 91 15 44 17 93 12 72  8 18 18 16  9 35  1 58  6 66 14 61  0 37  3 75  7 98
16 96 13 89 15 60  0 51  8 30 11 48 10 48  5  6 18 34 14 76  1 21  3 84 12 98  6 13  4 18 17  8  2 14 19 46  7 42  9  5
 1 58 13 48 19 87  0  6  8 49 15 62 17 33  5 91 14 49 12 37 10  2 16 82  3 22  7 94 11 20 18 48  2  8  6 50  4  2  9 56
17  8 14  1 13 47  6 34 18 75 12 36  1 52 19 93  8 18 10 18  9 78 15 86 16 81 11 35  2 96  3 23  5 72  4 46  7 51  0 43
 8 64  9 29 19 98  1  9  3 50 16 56 18 38  7 31  5 29  2 15  6 15 12 21  4 19 15 81 14 92 11 92 17 96  0 52 13 24 10 78