200 20
 0 69 10 32 13 78 16 76  9 13  2 53  8 25 18 39  3 90 19 52 12 37  5 59  1 52  6  9 15 86  7 45 14 84 11 46  4 92 17 73
18 30  7 72 13 26 19 26  8 36  9  8 10  3 11 95  5 44  0 48 17 89 14 67  4 97  6 19  3  1 12 63 16 35  2  6 15 47  1 36
12 13  7  3  4 27 14 11 16 21 17 56  2 91 19 69  0 67 13  5 10 79 11 19  1 64 15 15  8 65 18 78  6 67  9  4  5 54  3 60
18 57  2 66  7 52 19 92  0 72 11 90  6 92  9 15  4  8  8 80 10 46 17 25  3 81 16 58  5 95 13 90 15 13  1 73 14 77 12 63
 5 34  3 70 18 59 16 62  7 14  0 26 13 22 14 68 17 60  1  6  6 46  8 78 12 31 19 66  4 45 11 44 10 60  2 18  9 30 15 92
11 21  2 79  8 65 17  9 15  7 16 97 12  7 14  2  6 97 10 50  0 28  3 43  9 78 19 24 13 28 18 50  7 13  1 50  4 40  5 60
15 92 16 59 19 29 17 34  9 67 12 30  0 26 18 28  1 92  8 27  2 90  4 19  5 26 11 94  7  6  6 94  3 74 10 27 13 26 14 89
 5 33 19 68 10 28 11 32 16 93 18 58 14 15  4 74 15 26  6 74  3 18 13 73 12 40 17 67  8 74  9 13  7  8  1 32  0 88  2 32
10 15  5 28  9 72  6 48 16 63  1 75  3 77 15  5 12 53  2 45  4 98 14 84 11  6  7  6  0 33 13 56 17 31 18  1  8 50 19 17
17 56  7 49 15 40 19 31  5 45  1 67 14 34 16 95 12  3  2  9 11 30 18 42  6 56  9 92 13 27  4 59  8 49  3 71 10 85  0 75
 1 84 16 18  6 94  0 55  7 77 17 29 15 15  3 12  5 42 18 81 13 74  8 43  2 44  4 33 12 33 14 84 11 43 19 13 10 17  9 30
 1 39  7 84  3 60  0 64  4 25  9  7  8 60 16 59  6 72 18 36 15  3 14 80  5 41 10 93 11 49  2 93 17 74 12 87 19 37 13 86
 9 81  7 15 12 62 13 64 16 68  4  3  2 49  5  4 15 74  3 55 19 61 17 48 11 26  0 59 18  2  8  8 10 66  1 38 14 68  6 21
 6 47 11 54 18 72  7 29  0 92 10 98 14 86 13 94  2 99 15 71  4 50  9  8  3 12 16 89  5 80 19  8  8  6 12 84 17 77  1 62
17 30 15 24  4 11  1 87  2 93 19 94  0 45 10 15  5 79  9 72 18 50 14 76 11 48  7 18  6 45  8 39  3 47 16  4 13 61 12 64
10 74 16 41  4 31 19 62 17 31 18  9  2 57  6 60 15 98 13 66 11 18  9 43  7 22  5 84  1  3  0 75  8 47 12 18  3 88 14 68
 2 68  4 11  7 64 15 60 13 99  5  4  8 19  1 56 14 20 17 21  0 99  9 85  6 93 19 76 12 62  3 33 10 14 16 72 18 32 11 48
 7 52  4 50  2 35  1 80  3 91  0  3  5 36  9 48 10 32 18 22  6  6 13 22  8 84 16 55 11 69 12  6 19 62 17 79 14 26 15 17
14 34 13  3  9 13  8 11  3 44 12 60 19 66  7 23  5 24  6 68 18 18 17 58  0 90  1  8 10  3  2 89 11 85 15 10  4 31 16 29
 5 42  0 79 19 84 16 22 10 71 12 66 17 57  8  9 15 66 18 73  7 93  1  1 11 80  4 30  9 68 13 23  2  6 14 23  3 27  6 11
11 89  3 32  6 67 15 95  4 22 18 97 14 43  1 36 12 96  5 85 16 60  8 17 17 76 19 93  2 25 13 29 10 17  7 12  0 73  9 23
17 58  2 50  7 81 10 55  6 20  0 70 13 25 18  5 16 19 12 78  3 64 11 47  5 84  8 78 15 62  9 95  4 70 19 91  1 13 14 63
 6 10 13 95  2 68  9 46  7 45 14 31  4 84 15 33  8 89  1 63 11 10 10 43  3 37  5 89  0 37 12  4 17 13 16 43 19 86 18 54
 5 39 11 58  9  3  6 60  8 68 14 79 13 22  4 71 17 38  0  9 18 42  3 48 16 24  7 95 15 88  1 17 12 86 10 25 19 68  2 20
15 14 14 41  6 96  4 91  1 36 10 31 13 48  3 11 12 20  0 23 18 75 19 16  8 46 11 43  2 93 17 58 16  3  7 16  9  6  5 15
17 48 10 62 13 60 11 59 12 18 16 66  9 97  8 77  5 90  3 26 15 45  7 10  2 78  6 63  0 86  4 61 19 69 18 67 14 59  1 57
 5 31  7  3  6 84 12 45 14 87  1 25 11 45  9 54  3 20  4 71 10 46  0 58  2 39  8 29 16  5 18 81 19 62 13 34 15 73 17 14
 5 35  1 39 19 78 10 88 18 80  0 93  2 53  6 81 11 64  3 10  9 96 17 88 13 31  4 89 16 11  7 47 15 25 14 53 12 27  8 88
 6 86 12 90  5 65  7 30  0 34 15 36 14 89 11 94  8 47  9 16  4 77 19 82 18 11  3  6 17 86 13 33  2 82 10 51 16 52  1 27
 8 30  6 19  7 23 18 78 19 13  9 79 11 58  1 85 13 41 10 53  4 49  0 83 14 71 15  9  5 94  2 27 17 34 16 41 12 16  3 81
13 73 10 67  4 59  1 83 17 56 12  1 15 34 18 19  7 69  2 20 11 23 14 83  6 46  8 88 19 51  3 63  5 78  9 70  0 56 16 43
11 89  8 87  3 29  4 82  2 34 18  9 12 84 10 68 15 62 14 90  5 49  7  3 17 78 13 81  0 76  9 49  1 39  6  5 19 87 16 65
 5  2 14 32 16 22  2 82  1 25 12 73  9 68 18 81 15 97 19 76  4 66 10 26  6 14  7 67 17 76 11 90 13 22  8 39  3 19  0 89
 6 81  9 95  2 72 13 21 16 16 14 44  8 81  3 93 19 11  1  3 10 64  4 28 17  1 15 33 11 10  0 59  5 96 12 82  7 67 18 20
 5 86  8 30 15 31  9 82 11 29  3 10 10 67  1 33  0  9 16 74 12 19 14 41 19 31  4 45  6 65  7 50 18 20  2 99 17 38 13 55
 0 71  2 62 11 94  3 81  9 94  6 64  7 70  4 24 13 61 10 38 14 93 17 37  1 76 19 49 16 41 15 22  5  7  8 80 12 38 18 85
10 20  8 74  9 26 13 63  1 73 12 78 16 79 18 73 19 54  0 48 15 75  4 31  2 62 11 67 17 66  3  2  5 13  7 73  6  7 14 44
 6 69 10 30  3 69 19 24 12 13  1 70  4 54 17  7 13 87 16 19  5 44  2 38 15 49 11 53  9 59 18 63  8 34  7 97  0 61 14 63
16  3 15 83 13 74  9 38  7 31 14 91 12 27 18 89 19 60 11 31  3 16  2 20  5 72  6 28  0 55  4 80  8 68  1  8 17  9 10 39
 5 96 15 63  0 76  1 71 11 29  8 79  2 98  4 44 12 26 16 19  6 35 14 60 17 70 10 83 18 18 19 37  9 74  7 93  3 30 13 13
 3 51 16  3  5 52 13 58 18 46 15 45  7 48  4 34  2 52  0 32  6 87 10 75  9 15 14 15  8 81 11 63  1 36 17 86 12 98 19 78
 4 50  0 31 18 95  1 19 16 65 14 36 11 61 17 65 13 21  8 99 12 90 10 34  7 27  3  1 15 21  2 54  5 76  6 64 19 76  9 41
 7 13  5 53  9 73 14 25  8 11 16 36 12 95  1 12 17 70 15 67 19  7  6 63 13 15 18 23  2  2  0  5 10 63  3 68  4 32 11  7
14 64  3 86  1 27 17 73  8 59  0 68 11 91  9 64  4 19 15 18 19 45  6 39 16 21  7 80 10 79 18 52  2 88  5 23 12  5 13 18
13 25 18 68 15 28 16 72  5 77 10 85 17 82  7 35  1 55 12 60  4 23 19 16 14 31  2 23  8 52  3 21 11 94  6 29  0  8  9 13
 7 28 10 47 11 46  6 37  3 52 13 89  4 47 14 78  5  1 15 46 16 93  0 18 12  2  8 84 19 24  9  8 18 14  1 17 17 87  2  1
18 69 12 18  0 28  3 18 14 28  6 32  4 79 17 12  7 65 19  6  5 20  8 43  1 71 16 77 11 58 15  1 13 51  2 74  9 21 10 66
 3 49 10 19  0 14  9 12  7 60 12 47 14 41 15 34  4 49 16 39  5 47 17 85 19  9 18 74  6  5 11 31 13 24  1 11  2 76  8 49
 6 16 19 17 16 76  0  3 17 68 13 57  7  1 18 80 14 26  2 61  4 46 15 91  3  8  9 75  5 35 11 67 10  9  8 59  1 16 12 68
 2 56  1 52 16 75 11 35  0 25 18 90  5 49 13 81 19  2 15 16  4 88  9 67 14 71 17 20  7 43 12 92  8  4  6 84  3 39 10 81
 7 78  8 95  3  2  1 92  5 30 11 33 10 32 16 80  0 85 14 90 17 34 19 67  9 19 13 46 12 70  2 34  4 77 18 43 15 72  6 76
18 90 10 99  2 57  7 49  6 15  5  7 13 90  9 55  3  3  8 78 14 76 16 66 15 71 19 32  1 91  0 65 17 57 12 41 11 94  4  4
18 99 13 34  1 94  5 64  0 36 12 53  6 41 19  9 15 18 11 67 10 53 14 85 17 27  7 53  3 54  2 54 16 82  8 59  4 75  9 16
 3 36 11  4 12 14 15 91 19 48 16 56 14 94  9 78 18 45  2 19  0 50 10 21  1 37 13 22  8 50 17 60  5 44  4 24  7 87  6 13
 1 74 12 47  3  8  8 53 10 43  4 30  6 75  9 87  2 14 16 31 15 70 18 46 11 69 19 36  0 11 14 84  7 99  5 63 13  7 17 67
17 77  5 34  1 51 11 53 10  6 15 94  3 71  8 68  6 76 13 30  9 58 14 77 12 22 19 75  7 54  2 51  4 56 18 71  0 21 16 52
 5 83  6 62  1 31 11 56 10 90  2 57 15 66  4 20 12 58  7 24  3 10 18 18 16 82  9 71 14  8 17 87 19 40  0 78  8 79 13 33
11 87  5 24 19 43 13 59 17 61  0 70  2 64  4 79 18 12 15  3  6 98 14 42  7 25 16 62  8 93 12 60  3 85  9 51 10 46  1 27
 0 81 14 90 15 79  5 82 19 86 10 26  9 28  2 56 18 54  4 68  3 19 16 45  6 18  8 95 13 60 12 30 17 54  1 28  7 77 11 94
10 43 18 69  1 55  7 44 13 75  6 28  9 85 12 53  5 83 19 27 11 66 15 45  3 56  2 89 17 13  0 83 14 80  4 32 16 99  8 79
 6 34  1 88 15 20 13 33  0 92 11 53  5 92  3 42  7 39  2 12 10 31  4 94 18 70  9 23 17 95 19 77 12 30  8 69 16 90 14 40
10 51 11 48  1 73 14 47  4 29 12 16  7 61  9 51  2 68  3 76  5 36 16 31 18 35 13 75  0 76  6 42  8 15 15 96 17 62 19 66
 7 10 13 37 12 52  8 83  0 79  2 15  1 58 15 81 11 71  4 11 10 61 19 18  6 20  5  8 14 76 18 67  9 35 17 56  3 92 16 60
18 76 13 82  5 16  0 25  2 51  6 44  8 49 12 72  4 66  9 68 14 97  7 75  1 56 11 34 19 12 16 12  3 92 17 66 15 16 10 63
19 66  5  7  6 19  0 37 15 31 10 75  9 54  7 89 14 48  8 36  3 11 16 63  4 22 18 11  2 71  1 40 17 24 12 90 11 14 13 53
 5 21 14 19 16 43 19 55 11  7  4 50  3 91  6 86 15 25  0  4 13 57 10 87  1 65  8 70  9  5 12  2 18  7  7 42 17 41  2 89
19  2  6 68  1 70 10  6 13 75  5 74  3 41  9 72 17 22 11 10  7 77 16 92 18 57 12 63 14 70 15 65  2 51  8 58  4 82  0 90
14 86 17 27  3 58  9  8  1 94 15 13  5 61 13 53  4 13 11 91 12 79 10 36 19 77 16 14  6 83  0 97  7 35  8 50  2  6 18 52
 6 42 14 27  3 85  2 87  5 55 10 79 15 74 17 89  1 66 13 67 11 46  9 99  7 51  8 55 12  9 16 86  0 59 19 22 18 56  4 99
11  1 15 27 12 10 17 28  8  8  6 83 10  2  2  5  7 21  3  1  5 77 13 67  4 72 16  1 14 91 19  5  1 64  0 34 18 80  9 16
 7 56 17 46 12 68 10 83  3 41 18 34 15 60 13 95  5 69 11 38  6 57  4 75  9 11  8 80  0 84 16 55  2 76 14 61  1 17 19 76
16 44 15 13 17 61  9 73  6 99 11 60 19 58  8 91 14 94  2 21 18 45 13 85 10 85  1 23  0 30  5 45 12 51  7  6  3  9  4 48
 3 38 19 92  1 62  4 30  8 94  0 98 15 90 17 58  2 50 18  6  7 88  5 16 11 70  6 25 16 14 12 66 14 81 10 46  9 32 13 98
11 57  7 50 12 75  0 59  8 96 16 31 14 78  9 34  6 19  3  1 13 95 18  7  5 34 10 68  2 80 15 33  4 18 19 67 17 17  1 98
 2 23 16 42  1 69 11 38  0 38  5 87 14 23 18 34  8  3  6 15  7  3 19 50 10 98 17 89 15 47  4 40  3 86 13 55  9 90 12 33
 7 55 19 90 13  7  2 86 10 24  0 13 11 27  8 80 16 76  3 94  1 36 17 94  6 19  9 83 15 79 18 98 12 85  4 50  5 85 14 43
 4 10 11 72 18 97 10 26  9 42  6 15 14 71  1 89  8 38 16 39 15 60  3 80  5 30  7 77  0 21 19 34  2 86 12 79 17 66 13 94
19 48 13 15 10 19  8 21  9 70  3  2  1 98 14 46  6  8 17 69 15  5  7  5  5 52 16 80  0 58  4 46  2  5 11 53 12 56 18 80
13 35 10 99 17 75  4 87  2 87  7 71  8 54  3 71 12 29 15 65  0 52 14  1  5 77 11 85 18  6 16  9 19 98  6 13  1 36  9 53
 6 69  5 97  9 96  1 32 19 10 17 47  4 75  8 83  7 84 15  3  0 39 14 93 16 80  2 30 12 94  3 63 18 85 11 29 10 10 13 22
 7  5 16 34  6 62  5 96 14 29 19 54 13 18  1 53 11 35 15  2 17 53 18 12  4 97  2 74  9 44  8 52 12 53  3 29 10 55  0 95
13 90  5 27  1 54 12  6 17 99  0 28  8 49 16 57  4  9 15 47 14 20 18 70 11  7  2 10  7  1  6 15  9 47 10 89  3 38 19 63
 0 42  1 33 10 32  9 15 17 88  7 98 18 95  8 72  5  5 13 56 12 98 11  8 15 49  2 61  4 18  3 32 14 23 19 63  6 83 16  2
 1 73  2 59  5  3 19 74 13 67 11 63  4 46 15 54 14 82  7 71  0 88  8 52 18 58 10  6 12 90 17 45  6 55  9 32  3 67 16 96
19 10 18 20 14 77 11 33  4  8 16  3 13 28  9 72  0 57  1 65  3 63 15 87  7 13  5 88 10 46 17 54  2 88  6 32  8 61 12  5
 6 53 19 95 14 33 11 53  0  1 17 33  7 92  8 99 15 19  1 42  4 13  2 80 13 80 16 19  3 76  5 29  9 34 18 71 12 15 10 88
14 72  4 39  3 63  2 15 18 60 19 47 12 15  0 45 17 78 11 91  7 34  1 88 10 95  6 70  9 71  8 61  5 56 13 73 16 31 15 70
16 66  3  5 17 89  5 58  1 31  2 30  8 18 14 30 10 56  0 84  7 32 13 35  6 54  4  2 18 82 12 18 19 71  9 28 15 33 11  5
10 17  3 97 15 69  6 44  8 30 16 92 19 17  1 11  9 43  4 58  7 20 11 61 17 81  5 64  2 30 14 98 13 73 18 32 12 87  0 50
10 52  6 24  9 23 13 37 17 11  8 31  1 89 15  8 16 49  3  9 14 87  0 72  2 97 11 57 12  4 18 82  4 45 19 75  7 98  5  8
17 64  6 46  0 84 10 25  8 56 15 75 13 95 11 53  1 45  9 91  7 73 14 70 19 83  5 87 18 32 12 48  3 62  4 75 16 79  2 52
 8 29 19 31 10 32  7 68 14 17 15 52  5 12 16  5 18 18  4 16 13 68 11 20  3 67  6 30  0  8 17 72  2 30 12 10  1 42  9 30
 6 27  1 91 11 36  8 43  3 46  7  2 12 71 10 51 16 48  2 79 13 62  4 61 19 26  9 62 15 86 17 32  0 85  5 36 18 60 14 73
11 80 19 48 18  5  5 13 15 85  7 12 12  9  2 84  0 96 14 40 16 99 13 78 17 60  1 66  4 52  8 91 10 62  3 62  6 78  9 18
19 97 13  5 14 93 16 27  2 92  3 55  8 87 18 86  0 89  4 95 10 50  7 99  1 27 11 55  5 52 15 96  6 18 17 14  9 64 12 38
 9 60 14 32 11 33  0 51  8 57  3 88  5 37  7 33 15 99  1 94  6 40 19 28  4 65 18 68 10 77 17 58 13 56  2 77 12 84 16 85
 9 61 10 40 17 13  1  4  5 80 16 24 13 28 12 12  6 33 15 83 11 30 14  8 19 18  2 72  7 92  8 73 18 56  0 99  4 17  3 15
15 64  1 16  2 28  5 57 12  3  8 49 14 26 13 18 19 67 17 22  7  6  4 42 11 11  3 85  9 97 10 85 18 19  0 22  6  5 16 48
18 36  2 61  7 55  4  3  5 38 13 57  0 34  3 80  9 89 14 75  1 67 16 56 17 58 11 61  8 92 15 72  6  4 10 12 12  9 19 56
11 83  6 63  3  6  2 56 19 51 17 74  7 90 18 21 12 30 16 76  5 49 13 47  1 32  9 93  0 45 10 68  4 43 14 39 15 53  8 19
 5 98  4 85 18 88  1 62  7 19  0 85 14 42 17 36  9 89 15 60 19 18  6 91  8 46 16 28  2 19 12 17 10 93 13 58  3 90 11 57
 9 31  0 19 17 47 11 45 16 27  1 24  8 43  6 16  4 59 14 81 13 41 18 63  7 35 15  9  5 18  3 62 19 65 12 56 10 55  2 41
19 40  1 76  5 16  7 40  8 29  4 31 11 83 16 86 12 51 14 88 15 46  6  3  2 38  3 28 13 65 10 16  0 49 17  6 18 35  9 33
 6 56  7 40  4 33 10 14 16  3  2  6  8 68 15 78 13 50 17 36  1 56 18 68 14 80  9 61 11 49  0 55 12 39  3 13 19 95  5 60
 2 23 17 67 18 98  8  8 11 83 12 64 10 89 19 69  6 57 13 58  0 52 16 56  7  3  3  9  5 14  4 14  1 17 14 19 15 65  9 51
 6 79  9 71 11 54  1 54 18 67 10 90 17 55 12 42  4  8 16 82 15  3 19 33  8 13  2 60  5 95  7 14  0 78 14 52 13 74  3 73
18 16  8 12  2 48  0 43 12 57 13 44  6 44  7 36  4 31  5 49 14 76  3 32  9 95 19 71  1 96 17 85 16 93 10 54 15 83 11 40
 1 73 16 73 18 57  3 43 17  8  0 54  9 83 14 95 11 45  8 36  4 61 13 44 15 64  6 70  7 19 10 91 19  5  2 86  5 11 12  1
 9 55 19 51 13 33 18 69 14 82 10 70  7 20  2 57  0 26 15  7  4 92  1 29 17 25 12 70 11 13 16 45  8 74  5 58  3 21  6 53
 0  3  4 73  8 31 16 15 10 50 14  9 18 10  7  1 11  1  9 17  6 40 15 72 13 74  3 95  2 68 19  9  5 78 17 61  1 15 12 67
17  9  4 64 10 84  8 44 14  9 19 22 16 44  1 66  2 14  7 36 12 92 15 28 11  9  0 79 18 61  3 19  9 91  6 89 13 86  5 70
15 61  7 35 12 63 14 63 17 62 11 45  1 38 10 39  4 65 19  4 13 94  0 17  8 12  9 97  6 24  3  1 16 23  2  6 18  7  5 16
11 61 15 73  6 65  3  9  1 77 14 98 10 23  7 30 13 84 17 26  5 94 16 68  0 94 19 40 18 25  9 67  8 29  4 21 12 27  2 45
 7 44  1 58 18 27 16 22 12 31 13 32  8 21 11 58  9 20  3 65 14 27  5 80  4 72 19  9  0 62  6 57 17 10 15 38  2 96 10 62
 8 68 18  1  2 78  5 96 11 13 10 68 16 85 19 82 17 93 14 27 15 53  6 99  3 88  7 97 13 31  9 78  4 49 12 75  0 83  1 51
 3 52 18 89 12 73  1 51 16 47  4 63  9 78  7 44  8 17 17 35 10 98 11 95  6 59 14 67  5 85 19 15  2 12 13 18 15 87  0 95
 8 52 18 88 17 91  4 89  2 10  9 13 11 10  1 29  7  3 19 92  3 11  5 64 15 41 13 80 16 30  6 43 14 41  0 58 10 26 12 22
16 44 10 54 15 73  8 34  3 61 18 29  7 97 12 74  6  4  9 47 14 53 13 97  5 45 19 66  1 95  4 95  2 58  0 49 17 56 11 46
17 34  6 32 11 88 18 53  9 84  0 21  2 87 13 91 15  5 12 16 14  9  7  1  8 14  3 84 19  9  1 18 10 92  4 37 16 17  5 35
 1 84 11 62  9 56  4 54  3 60 10 52  6 75 13  7 14 64  5 55  8 79  2 39 15 95  7 46 19  6 12  9 16 87  0 19 17 62 18 18
 9 82  8 19  3 37  5 32 12 82  2 49 11 42 13 13  1 60 18 11  7  5  4 39  6 57  0 91 16 45 10 66 14 13 17 95 19 72 15 28
13  5 10 64 12  3 11 47  4 70  5  8 15 41  8 78  9 55  0 97 16 49  2 25  3 35 19 50  7 58 14 71 18 49 17 65  1 77  6 79
 9 97  3 88 17 87 14 95  4 92  5 11 19 40 11 37 13 58 15 25  6 82 16 83  2 29 10 54  0 75  7 76 18 18 12 95  8 60  1 29
10 52  6 15 15 24  2 84 12 41 14 59 19 99 18 38  5 97 16 34  7 64  4 10  1 90  9  5 13 97  0 25  8 72 17 77  3 34 11 77
10 50  8 78  9  3 11 87  4 72 12  4 18 22 16 33 15 50  1 71  6 94  5 10 19 75 17 44  0 55  2 64  3 16 13 85  7 25 14  3
 4 77  8 86 17 42 15  9 16 53  9 86 13 92  1 27 19 56  7 53 10 80 18 41  2 15 12 52 11 81 14 27  0 74  3 52  5  6  6 30
 3 76  9 64 19 95  2 39 15 46 18 82 13 55 14 94 12 68  6 17  7 77  4 58  5 80  1 58 11 95  8 65 17 44 16 38 10 55  0 99
17  6  6 82  5 52  8 16  2 21 16 69  4  3 11  8 12 60  1 40 15 53 13 52  3 53 14 66  0 94  7 27 19 45 18 26 10  5  9 26
16 59 19 58  8 14  2 12 18  9 14 64 15 94  4 18  0 93 13 27  9 62 17 26  1 98 10 95 12 74 11 97  7 95  6 72  3 52  5 12
14 51  4 66 17 25 15 85 13 73 10 15 18 25  0 11 11 55 12 79  9 72  5 40 19 79 16 88  7  2  6 13  3 99  8 65  1 84  2 53
 4 63 10 93  3 92  0 57 17 87 11 30  7 23  8 57  9 60  2 32 12 24  5 42 14 67 18 58  6 36 13 86 16  4 15 40  1 17 19 15
13 24  8 26  1 63 12 69  2 39 16 39  3 56  0  6  7 67 19 72 11 24 18 67 15  7 10 54  4 45  9 81 17 16 14 59  6 29  5 27
 7 37 12 28 11 23  9 29  3 93  5 20 10 57 18 78  8 18 17 63 16 56 13 26 19  5  0 61  6  8  2 78  4 39 14 26  1 87 15 79
 1 93 10 59  4 93  5 90  8 65  9 66 17 60 19 33  2  1 15 30 13 78 18 53 12 18  0 89  6 76  7 48 16 17  3 23 14 63 11 22
15  7  8 69  4  5  3 87  0 75 11 17 12 46 10 70 18 39  7 23 19 65  9 90 17  2  1 84 16 16 14 65  6 40 13 32  5 72  2 42
18 77  4 83 15 49  9 76 11 48  2 77  5 24  3 29  8 36  6 78 19 51  1 35 10  3 14 15 16 97 12 82 17 18 13 60  0 62  7 66
 7 64  1 80  6 41 18 16  9 81  8 76  5 85 10  1  0 67 11 15 16 36 15 67  2 79 17  5  4 68 14  5  3 70 19 45 13 46 12 32
 1 78 11 77  7 28 16 74  8 70 13 89  6 99  4 89  5 11 12  1 14 26  3 36  9 77 18 52 15 82 17 71 10 30  2 27 19 76  0 23
 9 79 18 51  4 34 12 53 17 10 14  6 19 77  2 15  0 97  1 18 15 69  5 49  8 62  6 76  3 10 10 59 11 67 16 34 13  4  7 41
18  9  8  4  4 94 10 11 11 45  9  5 19 52 14 69 13 45  3 94 16 82  1 43 12 74  7 17  0 84 17  6  6 27 15 26  2 80  5 49
12 91 18 55 17 27  4 43  0 38 13 14  1 96  5 28 14 31  3 58 16 91  8 58  2 68  7 83 11 18  9 19 15 64 19 95  6 49 10  6
11 29 18 93  0 53  5 82 10  3  7 97 12 90 15 49  1 57 13 51  8 81 17 31  3  8 14 44 16 41  6 63 19 46  2  7  4 79  9 84
18 79 17 79  7 33  1 25  3  2 14 70  4 22  2 32 12 28  0 70 19 22 15 54 16 30  9 25  8 23 10 90  6 65 11 28  5 85 13 74
 0 68 12 21 10 94 16 66  1 98  8 81 13 26 11 26  9 69 15 59  2 57  3 79 18 15  6 16  5 37  4 13  7 86 17 29 19 63 14  7
 9  9 19 17  8 67  3 16  2 58 17 38 12 37 13 12  1 71 16 63 10 12 11 78  0 86 15 11  7 74 14 36  6  5  4 78 18 63  5 22
 5 37 18 75 14 33 16 33 15 83  2 61  7 47  0 54 13 16 19 55 10 21  3 13  9 18  4 51 17 57  6  2 12 81  1 59 11 51  8  2
 0  8  8 47 13 42  1 86 11 35 16  6 10  6 18 19 19 37 12 61  6 16  7  6  4 60  9 41 17 31  5  1 15  5 14 62  2 82  3 78
 3 93  7 21 15 39 17 78 16 71  4 87 12 22 14 35  1 74 13 55 10  7  0 80  9 45  8 19 18  8  6 99 19 91  2 13  5 44 11 18
 0 85 17 44 13 38  6 13  5  7 15 45  4 10 19 34  3 30  8 69 14 69  7 11 18 94 11 52  1  6 16 52  2 45 12 68 10 73  9 47
13 25 12 19  3 56  6 32 15 42  1  4 14 21 11 36  8  6  9 75  7 85 18 81  2 53 17 94 19 45  5 22 16 98 10 58  4 18  0  7
 8 99  7 33 15 64 13 91 19 77 14 86  0 52  6 96 12 75 10 37  4 69  2  1 17 89 18 31  9 22 16 60  5 72 11 78  3  1  1 53
 5 62 11 98  0 40  3 27  2 14 18 65  6 99  1 84 17 60 15 92  7 14 19 58  4 18 16 15  8 12 12 71 14 19 10  8  9 44 13 77
 4 22 12 45 17 62  1 85  6 50  3 92 11  6 16 69  9 57 13 57 10 53  2 81  5 10  0 73 19 65  7 62  8 59 18 30 15 86 14 24
 7 77  8 68 15 12 17 65 18 84 13 33  1 30 14 53 16 42  3 69 10 62  9  1  5 93 12  1  0 33 11 59  2 69 19 25  6  8  4 73
 1 63  0 15  9 33  8  5 19 58  3 20 15 12 16 85  6 87 12 16  4 57 10 67 13 95 14 19  7 64 17 45  2 54 18  1  5 56 11 10
 2 44 19 98 10 19  0 68  6  2  1 38  7 93  4 37  3  4 18  4 12  4 15 37 13 18  5 99  8 47  9 78 11 57 17 23 14 75 16 11
11 27 18 73  3  6  0 75 14 76  6 10 13 76  1 43 16 18 12  1 10 97  7  3  2 71 15 27  9 40  4 82 19 10  5 90 17 90  8 45
17 83  9 59  3 83 16 57  2 91 18 75 12 68  0 33  8 29 15 37 10  1 14 38 13  3  7 37 19 63 11 24  4 70  5 94  1  9  6 13
 1 55  0  6  2 53 15 24 12  1 18 40  4 54 13 32  5 97  6 77  3 73 17 37 19 30  9 98  7 53 16 62 14  5 10 92  8 24 11 18
12 93 13 24 11 70  5 88 15 79 16 16  4 19  8 62 14 42  7 37 19 44 10  4  6 32  0 81  3 19 18 24  2 47  1 47 17 14  9 12
11 79 12 17 14 80  3 33  0 79 17 42 10 38  6 90  7 37  5  4 16 89  8 89 13 35 18  4  9 26 19 60  2  1  4 50  1 40 15 43
 1 27  8 86 16 13 13 21 18 40  4 77  5  7 15 71  3 87 17 54  0 94 14 68 19 45 10  5 12 85 11 17  2 97  7 24  6 31  9 18
17 98 19 18  0 82 14 95 18 64  6 88  1 59  8 13 12 53  7 17  9 17 15  4  4 91  5  7 11 36 16  4 13 53  3 20 10  6  2 97
 9 16 17 22 10 60  2 48  8 51  5 12 15 79  1 74  0 91 13 80 11 39  4  8 16 45 14 35 19 17  7 57 18 25  3 75  6 37 12 19
14 22  3 91  9 83 11 87  8 24 16 68 15 39  6 42  0 85  4 85 19 54  5 20 12 88 18 27  7 51  1 13 13 28 17 87  2 48 10 12
12 17 19 71  3 25 16 36 13 10 10 99 14 46  2 29 15 42  5 91  6 28 18 46 11 62  7 27  1 33 17 77  8 83  9 81  4  3  0 22
18 73  5  9 12 26 14 26  2 29  1 77 10 76  3 20  8 29  9 71  0 81  6 67  7 85 16  3 17 33 13 61 11 46 19 35  4 35 15 88
 0 44 19 20  6 69 13 97  4 39 16 12  9 48 17  2 11 19  1 10 14 40  2 59  7 27 10 32  3 45  8 69  5 69 12 50 18 55 15 32
 6 99 15 77  5  1  2 46  8 43  3 16 14 89 16 74  9 69 10 78  0  7 12  8 13 64  4 90  7 91 19 15 17  9  1 25 18 10 11 57
17  4 19 41  6 96  0 82 11 85  5 44  3 71 15 57  9  9  1 80 14 47 12 73 18 60 16 84  2 94  8 33 10 61  7 10  4 17 13 63
 5 45 14  5  0 49 15 55 18  6 17 66  8 47 16  3 11 65 12  1  1 39  4 78  7 69 10 19  3 76 13 38  6 69  9 59  2 82 19 60
 5 76  6 94  0  8  1 47 11 68  7 77 16 30 17  7  8 64 10 53 14 26  2 60  3 54 19 96 12 40  9 13 18 98 15 48  4 82 13 22
17 89  6 78 18  2 12 59 16 24  8 10 11 42 15 17  0 24  3 90  2 20  5  6 13 31  1 15  7 94 14 64 19 73  9 79  4 30 10 10
 5 67 14 15  1 92 13 29 15 25  6 67  4 18 12 92  3 66 11 21  0 88  2 59 17 18 16 92 18 33 19 76  8 64 10  3  9 53  7 51
 8 17 13 44  9 59  7 65  5 59 15 68 14 29 11 24  2 46 16 45  4 87 17 44 19 60 12 26  0 58  1 81  6 46  3 37 18 92 10 97
 6 66 18 25  8 77 19 72 12 85  2 97  5 35 15 75 16 83  3 50 11 16  4 45 13 69 17 87  0 97 10  4 14 41  1 27  9 64  7 89
 6 48 18 77  9 12 10  9 17 27  7  2 15 17 11 70 13 88  8 18 14 99  2 73  0 48  4 63 19 40 16 12  3 13 12  8  5 33  1  4
18 26  0 17  9 19  1 89 11  2 14 48  2 13 15 53 17 14  8  9 13  5 16 73 12 24 10 29  3 45  6 86  5 22  4 28 19  6  7 29
 9 86  7 50  6 29 14  9 13 30 18 31 19 79  8 83 15 75 16 66  4 77 17 17  1 76  0 92  3  7  2 72 10 16 12 40 11 94  5 95
17 31  2 41 18 56  8 73  4 50  5  6 19 97 11 12  6 89  3 54 16 92 13 16  1  9 14 78  7 62 15 75 12 95  9 48 10 58  0  4
 9 43  3 77 17 64  5 19 12 48  1 65  4 94 14 36  2 89  8 65 19 26 16 17 13 19 18 59 10 35 15 56  7 76  0 64  6 99 11 29
 9 94 14 85 15 92 11 51 13 46  0  5  3 39 19 85  1 94 12 63 16 80 10 24 17 64  2 36  8 74  7 30  5 12  6 90 18 79  4  6
17 94 19 80  9 44  0 42  1 13 14 20  4 34  7 60  8  1  3 73  5 28 16 73 18 27 11 70 15 27  6 68 13 79 12 38  2 27 10 26
 5  5 17 79 14 39 13 30  4 12  3 32 19 90  1  4  0 52  6 39 15 38 10 98  8  2 16 10  2 35 11 91  9 66 18 32  7 80 12 78
 6 51 17 89  9 99 13 46 19 18  0 88 11  6  7 99  5 65 16 51  8 28 18 59  1 80 12 29  3 58  2 87  4  4 15 25 10 95 14 55
 5 39 13 46 18 46 17 79  9 78 14 81  1 51 15 85  6  9 12 60  2  7  0 52  8 90  7 37  4 72 11 58 16 59 10 15 19 30  3 83
 3 64  8 80 16 70 11 34 18 52 14 96  5 72  1 82 17 59  2 52 10 20 13 80 19 86  0  5  6 29  4 66 15 65  7 20  9 61 12 36
18 57  8 89 13 57  7 47 19  4  4 98  2  1 16 29 15 60  5 55  3 82 17 39 11 93  1 46  6  9 14 22  9 89  0 23 10 80 12 74
19 69 16 12 14 86  1 82 15 90  6  2  7 75  2  5  5 87  3 97  8 84 13 21 11 54 18 57  9 23 12  6 10  1 17 56  4 65  0 26
 7 23 16  7  6 24  4 85  5 31  2 90  0 64 10 54 14 54  3 63 13 92 19 68  9 55 12 60 17 57 15  6  1 12 18 75 11 84  8 93
11 56 17 21  3  3  8 24  0 45  4 61  2 65  9 93  1 51  7  1 10 91 16 53 13  8  5 56 15 73 14 18 18 54  6 35 19 65 12 27
 3 19 16 93 13  6  8 97 12 88 18 76 11 28 15 24  0 57 19 50  4 70  7  3  6 52 14 74 17 70  5 35  2 19  1 26  9 10 10 72
 1 91  0 16 19 12  5 42  2 75  7 17  8 91  6 55 11 34 15 28 18 50  4 86 13 82 14 46  3 77 12 48 17 26 10 51  9 10 16 57
15 15  2 14  0 72  1 62 19 87 12 14  6 15 13 44 11 92 16 59  8 90 14 21 10 94  5 63 18 91 17 21  7 26  3 48  4 31  9 38
 1 54  9 63  4 21  3 44  6 82 16 43 19 25 13 77 17 11  5  2  8 64  2 71 15 76 10 71  0 51 12 62 11 93 18 77  7 71 14 58
 7 54 12 89 11 32 10 99 15 48 17 70 19 42  4 23 16 70  8 43  1 86 13 19  3 98  9 33 18 37  0 46  2 33  6 10  5 58 14 27
15 43  2 10 18  7 19 26 13  7 12 55 11 44  9 33  8 16  3 15  0 61 14 79  7 88 16 41  6 12  5 55 10 91 17 58  4  5  1 26
18 16  1 52 19 35 13 44  2 75  8 39  9  1 11 42  4  3 12 88  6 78  0 77 15 98 10 24 17 49 14 91 16 65  7 37  5 77  3 54
 1 87  9 94 13  5  0 24  8 31 11 16  2 10  5 40 18 96 10 38  7 41 19 74 12 87 14 50  3 30 15 53 17 82 16 45  4 45  6 84
 5  2 15 93 11 16  6 45  1 98  2 12 16 92  0 82 14 21 12 60  3 62  4 16 10 97 17 80 18 54 19 23  7 77  8 29 13 29  9 45