120 15
 8 24  2  7 10 61 14 27  9 87  3  3  5 34  6 39  1 76 12 34  4 47  7 82 11 25 13 70  0 63
14 98 10  1  9 23  4 78  6 33 11  9  1 88  3 37  5 72 12 61  7  7 13 76  0 20  8 81  2 34
10 89  8 38  1 65 14 10  6 84  4 69 11 10  0 19  3 24  9 60 13 70 12 58  5 62  7 51  2 83
 0 90  6  4  3 63 12 44  2 28 10 33  8 79  1 60  9 77  7 14  5 59  4 17 11 82 14 48 13 69
 6 85  1 77 11 17 14 92  8 49  4 93 12 28 13 81  2 59  9 26 10 20  0 16  5 75  7 34  3 79
12 76 10 18  0  5 11 70 14 62  8 89  7 83  2 85 13  8  6  2  4 17  3 30  9 48  1 21  5  4
14 97 13  3  2 66  7 12  1 62  0 60 11 46  5 45 10 34  3 33 12 14  4 61  6 16  8  8  9 62
13 30  2 41 11 70  5 78 10 14  6  2  8 50  9 62 12 62 14  4  3 82  7 41  1 74  4  9  0 93
13 70 11 74  7  7  6 89  4 65  5 78  2 52 10 12  9 72 14 72 12 73  0 70  8 69  3 67  1 42
10 43 14 26  5 24  3 40  9 69  8 32 12 42 13 31  2 45 11  7  4 98  6 55  1 29  0 17  7 85
 5 35 14 55  6  9  0 54  8  4  3 91  2 20 10 47  1 63  7 83 13 68  4 42  9 79 11 34 12 42
 3 75 10 40  2 77 12 12  8 32  9  7 14 76  7 31  0 77 13 40  5 32  4 16 11 28  6 47  1 34
 9 86  6 62  0 48 13 22  8 78 11 81  1 41 12 21  3 56 14 13  5 52 10 68  7 23  2 22  4 84
12 68  5 76  2 15  1 90 10 59 13 13  0 69  7 56  4 31 14  5 11 13  3 35  6 74  8 60  9 52
 5 98 12 55  8 78 14 17  4 42  3 36 11 96  6 27  2 79  7 48  0 33 10 88 13 66  9 77  1 42
 8 55  2 95 14 97  6 39 13  5  5  8  7 46  3 12  1 55 11 17  9 11  0 19 10 36  4 28 12 18
 3 54  1 24 10 37 13 85  0 18  6 43 14  5 12 17  9 42  4 92 11 22  8 78  7 89  5 87  2 16
 6 19  5 54  8  2 12 12  9 84  4  5  3 94 14 83  2 97 11 70 10 79  7 74  0 97  1 35 13 25
 5 10  2 50 14 33 13 72 11 81 12 17  0 61  4 84  9 62  3 25  8 50 10 76  7 60  1 40  6 69
 7 75  2 63  6 94  8 91  3 62 12 80  1 40 13 47 10 29  5 93  9 35  4 85 11 42 14 16  0 47
 2 59  8 48 14 21  6  9  0 95 10 83 11 56 12 43 13 50  4 16  1 60  7 87  9 84  5 91  3 60
13 14  8 78  0 93 10 94  2 60 12 42  7 85 14 35  1 95  3  5  6 13  5 52  9 67  4 76 11 65
12 27 11 37  4 10  9 82 10 70  0  6  8 27  3 76 13 59  7 22  1 15  6 66  5 67  2 94 14 61
13 56 11 96  6 18  4 85  5  1 12 80  3 78  1 63  7 54 10 63  9 19  2 36 14 28  8  2  0 56
 0  6 13 97  9 63 14 95  2 49  4 76 12 84  1 95  3 79 11 39  8 21 10  5  5  5  7 87  6 49
 5 22 14 70  9 55  8  3  0 27 10 45  1 84 13 70 11 33  7  5  2  6  3 15  6 20 12 19  4  9
12 58 13  2  8 93 11 86  4 76 10 30  7 70  2  4  3 86 14 71  0  6  1 71  5 67  6 73  9  2
14 42  7 81  3 50  1 62  4 51  9 89  5  1 10 26 13 28 12 55  6 53 11 79  8 47  0  9  2  9
 7 23  2 82  5 15 13 40  6 88 10 38  9 89  1 55 12 33  3  2  4 30 14  6 11 31  8 70  0 80
 2  9  3 70  7 65 12 92  6 55  4 20 10 99  9 18 14 50  0 83  8 35 13 50  5 94 11  9  1 51
 6 47  8 93 11 97 12 10  7 79  3 25  5  8  4  3  1 30  2 65 13 68  9 58  0 70 14 82 10 10
14 55  3 12  1 29  7  1 10 71  8 95  4 53 12 38  9 92  0 96 11 19  5 48  2 75 13 10  6 60
 7 45 11 32  2 75  1 66  6 91  0 23  9 11  3 82 10 82 13 90  4 97  5 89  8 67 12 65 14 51
14 20  2 28  7 34  4 35  5 51 11 17 12 72  6 59  1 26 13 76  3 54  9  8  0  3  8 56 10 91
 8 28 10 34  6 44 14 85  0 52  2 57  1 18  7 38  4 52 11 19 12 30  3  7  5 18  9 29 13 14
 1 53  7 49 11 64  9 80 10 20 14 38  0 41  6 83  4 51  5 44  3 93 13 75  2 10  8  8 12 28
 1 91  4 99 12 41  5 59 13  2  0 54  3 55  8 58 10  3  6 22  9 10  7  1 11 11 14 87  2 37
 0 29  2 99  6 75  1 13  8 26 13 83  4 88 11 31  9 65  3 23  5 91 10 90 14 41 12 36  7 66
 0 50  2 40  3 57 13 60  7  7  1 40  6 82  4 15  5 66  8 37 10  1 14 43 12 34  9 41 11 36
 5 18 13 18  8 98  4 94  3 33  1 86 10 12  0 93  7 47  2 84 12 36  9 50 14 12 11 63  6 11
 6 37  4  6 12 61 13 45  1 47 11  1  8 70  7 32  2 57  5 13 14 10  0 95  3 39  9 73 10 11
12 68  1  2 10 49  9 94 11 49  2 90 14 53  7 13 13 65  5 55  0 95  3 11  6 71  4 57  8  8
10 89  1  2  5 72  9 71 11 93 13  4  4 14  8 54 14 49  7 13  2 48  3 34  6 56 12 40  0 65
 9 72 10 70  8 21  0 54  6 13  3 54 14 49 11 63 13 40  5 10 12 31  2  1  4 78  7 52  1 67
 5 67  1 22 10 31 14 79  2  2  8 52  3 36  4 39 11 42  6 93  0 59  9 54  7 11 13 33 12 78
 7 83  1 89  5 89  6 49 14 58 11 43  2 43  4 46  9 35  8 46 12 85 13  2  0 61  3 82 10 90
 8 96  7 62  3 58  6 51 14 23  9 89 13 92  0 71 11 85  1 28 10 19  5 75 12 74  2 64  4 88
 6 45  7 35  8 16  1 78  5  6  9 79  0 49 14 51  3 71  4 45 10 83  2  5 13 76 11 60 12 34
 2 78  5 75 14 19 13 64 12 43 10 60  9 34  6 11  1 42  0 36  4  5  3 49  7 95  8 83 11 35
 4 58  2  3 11  5  0 73 12 45  6 93 14 46  1 58 13 77  8 24  7  8  3 82  5 54  9  9 10 34
12 21  1 48  0 99 14 19  9 67 11 47  7 66  3 12  4 43  8 98  2 95 13 28  5 65  6 65 10 18
 8 70  0 15  6 44 12 99 10 91  4 18  3 59  5 34  7 62 14 89 11 29  1 16  2 75  9 19 13 81
13  1 11 69  8  8  0 28 14 31  3 13  5 99  9 47  1 83  2 94  4 80 10 65  7 85 12 24  6 12
13 44  2 56 12 35  7 35 14 21  9 53  6 84  0  5 10 85  1 86  3 74 11 78  8 17  5 26  4 57
 8 89  7 62  4 31 13 76  0 91 11  6  9 84  3 60 14  4  5 40 10 22  2 45  6 19  1 11 12 65
12 97 10 92 13 94 14 52  3 91  8 51  6 73  4 96  9 44  7 17  5  4  0 79 11 25  1 11  2  4
10 55 13 80 14 43  9 96  4 75  1  7  6 57  8 47  5 52 12 83  7 87  3  3  2  5 11 28  0 95
 2 31  3  5  4 80  7 40 11 94 13 37 10 87  8 52  0 53  5 38 14 79  9 32  6 90  1  3 12  5
 9 92 12 45  1  9 14  3 11 13  4 31 10 46 13 56  6 79  7  3  2  7  3 39  8 32  5 41  0 72
13 62  2 78 12 32  6 99  4 49  5  4  8 37  7 87 10 88 11 65  1  8  9 67  0  2  3 72 14 12
 4  4  2 23  8 35  0 88 12 11 10 72  3 13  1 96 11 47 14 24 13 41  9 80  7 87  5 30  6 19
14 14  5 22  3 45 11 43 10 23 12 23  6 84  1 30 13 55  4 70  8 26  2 47  9 16  0 61  7 46
10  5  5 18  1 85  3 72  7 52  4  5 14 29  9 97 13 66  8 59  6 14  2 45  0 31 11 66 12 12
 7 87 13 26  6 29  4 52 11 73  0  1  3 36 12 65  9 35 10 39  8 23 14 12  2 71  5  4  1 61
 4 82  0 47  7  4  2 84  6 39  3 71 11 75 10 57 12 92  5 49  9 63  1 11 13 75  8 83 14 62
 4 60  7 80  0 35 11 52  3 39  2 29  1 79 14 25 13 57  8 63  9 14 12 57 10 74  5  8  6 83
 8 93  7 15 11  4  1 54  4 43  2 53  6 92 12 91  3 41 13  2  5 76  0 62 14 36 10 39  9 31
 1 45  2 41 10 16 11 67 14 16  8  5 12 89  9 18  5 27  7 33  3  4  6 45 13 28  0 99  4 75
 8 64 11 86 10 80  6 20  3 54  2 80 13 66  7 53  9  4 14 53  4 10  0 11  1 53  5 29 12 20
13 68  1 99  0 55 14  9  5  9  2 63  7 32  4 71  6 20  3 72  8 18 11 81  9 95 12 63 10 88
 9 49  2 54 12 37 11 80  7  7  3 85  1 36 13 88  6  7  0 84  4 49  8 79 14 20  5 49 10 90
14 21  2 70  8 44  4 40 10 59  3 29 12 99  0 65 13 95  7 57  9 69  1 78  5 84 11 95  6 93
12 65  1 46  2 47  3 49 13 57 10 56 11 33  0 80  8  4  9 85  6 86 14 95  4 17  5 89  7 76
 5 11 10 65  4 44 11 14  2 70  8 16  7 63 12 67 13 39  6 45  1 71  3 36 14 18  0 36  9 62
 1 67  9 54 12 24  7 36  6 73 13 81  8 61  4 69  0 26  5 84  3 81  2 40 10 40 14 38 11 95
 5 45  1 21  3 99  0 68  6 96 10 88  7 96  9 30  2 32 13 48 11 24  4 31  8 12 14 91 12 20
11 34  2  8  9  7 10 27 12 44  8 93  0 98 14 98  7 21  3 22  6 95  4 17  1 70 13 90  5 75
 5 16  3 22  0  8  7 74 11 40  2  3  4 43  8 31 13 92 14  3 12 68  1 71 10 91  9 84  6 74
 3 45  5 14  9 36  2 42  0 45 13 38 12  1  4 47  1 47 14 42  6 74 10 24  7 39 11 14  8 78
 0 34  1 28  5 33  9 64 14 64 13 26  4  1  2  3  8 73 12 42  6 45 11 34  7 65 10  9  3  5
 7 34  4 21  9 51  8 95 14 27  0 80 10 11  5 18  6 57  2 27  1 45 12 91 13 60 11 60  3 10
 8 55 10 99  3 10  6 27 13 47 12  8  0 28 14  8  2 99  9 81 11 31  1 69  7 80  4 75  5 61
10 47  0 36  5 19  8 15  2 44  7 68 11 87  6 85 13 86 14 87  3 93  4 89  1 10  9 64 12 21
 4 35  2 52 10 53  8 41 12 32  3 80 13 66  0 90  7 46  9 55  1 25  6 82 14 32 11 73  5 85
11 92  1 93 13  6  5 27  2 30  3 70 10 21  0 18  4 16 12 43  6 74 14 61  9 59  8 60  7 20
 1  1 12 55  7 10  2 55  9 38  8 95 11 41  3 70 14 27  0 93 13 37 10 38  6 96  5 30  4 91
 3 52  1 65 10 32  6 65  8 23  9 14  4 73 14 32  2 60 12 45  5  5  7 85 11 23  0 16 13 88
 7 66  3 27  8 49 11 65  9 60 12  3 14 93 13 90 10 58  6 41  5  8  1 33  0 71  2 81  4  1
 5 16  2 68  7  6 13 35  6 34  9 33 10 10  3 99  8 15  4 59  1 53 12 36 14 82  0 75 11 33
 5  1 13 64  1 26  0 84  3 26  8 11 10 50  4 86 11 99 14 41 12 38  2 33  9 45  6 71  7 59
 3 35  1 53  2 11 12 90  0 36 14 81  6 66  9 48  4 94  5 53  8 49 10 69 13 84 11 65  7 95
10 94  1 39  5 59 12 20  6  7  9 24 13 49  4 83 14 37  8 73 11 30  2 85  3 27  0 15  7 76
10 39  0 52  7 25 12 99  2 43  1 80  9 16 14 56  8 70  3 53  5 16 13 94  6 72 11 58  4 80
 0 28 10 96  5  2  7 90 11 57 14 37  8 86  1 49  3 42 12 34  2 79  6 99 13 59  4 43  9 57
11 91  1 66 10 73 14 55  3 68  2 53  9 94 13 63  8 83  6 81 12 63  0 15  4 32  5 23  7  4
 3 66 10 44  7 59  6 44 12 69  5 76  2 37  9 42 11 55 13 20  1 70  8 63 14 84  4 23  0 70
 5 75 14 15  0 59  2  3  9 65 11 79  8 83 12 87  4 15  7 82  1 24  3 60 10 23 13 88  6 45
 2 66  1 65  0 90  6 25  3 32 13  5 14 87 10 50  5 27 11 78  4 32  9 46  7 18  8 44 12  3
 7 24  0 93 12 12  1 68 14 64  3 41 13 88 11 79  9 67  4 57  2 64  6 76  8 66  5 54 10 12
 2 93  7 28 14 95 11 13  1 57  4 67 10 68  8 83  6 83  9 39 12 79  3 11  0 23  5 86 13 28
 1 95  2 25 11 88  4 11  3 29 14 70 12 81  7 48  0 87 13 43  9 36  6 49 10 25  5  4  8 34
 7 83  5 61 14 47  0 30 12 76  4 49  6 13 10 97 11 75  9 96  2  7  3 94 13 86  8 95  1 49
11 81  2 88  0 26 10 82  6 44  9 67  3  6  5 74 12 90 13 35  4 30  1 30  7 75 14 68  8  8
14 53  4 36  6 18  8  1 12 28 13 44  5  6  0 44  1 24  9 94  7 70  3 21  2 64 11 62 10 43
11 93  3 64  4 71  2 69  8 82  0 39 13  3 12 33 10 84  5 18 14 46  1 25  9 16  6 89  7 64
12 80 10 11  2 62  5 85  6 13 14 71 13 31  8 22  7 65  0  4  1  5  9 42  3 68  4 92 11 37
 1 94  3 82  0  4 10 47  7 29 11 26  2  5 14 81 12  2  5 75  4 76  9 80  8 25 13 95  6 98
 6 21  2 80 10 57  5 55 12 39  0 94 11 17  7 77  9 55 13 25  8 60  3 79  4 32 14 75  1 37
11 86 12 12  5 62  0 53  2  6  1 41 10 60  7 15 13  4  6  2  8 37 14 94  3 99  4 47  9  5
12 92  4 77 14 55  6 66  3 61 13 85  7 94  2 71 10 91  9 66  1 28  5 20  0 27 11 95  8 44
 1 46  9 99  2 59  0 64  5  6 10 91 11 98 14 76  8  2 12 75 13 93  4 79  6 94  3 16  7 50
 8 35 12 12  0 65  4 25 11 80  3 26  9 41 13 26 10  9  2 74  6 45  1 37 14 61  5 12  7 62
 3 59  9 37  8  9 13 75 12 49  7 74 10 19 11 20  2 43  0 94 14 59  1 69  4 12  6 10  5 56
10  3  5 74 13 44 14  6  0 30  4 36  1 93 12 98  9 14  8 30  7 11 11 26  6 56  3 78  2 37
 2 66 13 72  7 91  6 64  3 25  9 47 10 86 12  5  5 85  8 46  1 62  4 86 14 99  0 59 11 98
 3 33  8 18 12 70  2  3  6 66 10 39  4 78  7 14 13 27  9 50  1 93  0 87  5 99 11 17 14 22
 4 75  5  5  0 69  9 91  6 96 13 21  1 38  3 26 12 97 10 75 14 63  2 68 11 43  8 46  7 26
 2 31  4 13  5  8  6  6 11 93 14 71  1 82 10 18 12 33  7 77  8 92  3 91 13 88  9  8  0  7
 8 89  0 81  6 90  9 56  3 98 10 18  2 77  4 95  7 16 13 68 14 67  5 52 11 77  1 78 12 41
 4 76 14 29  9 27  8 80 13 45  1 74  0 55 12 39  3 46 11  1  7 87  6 80  2 21  5 49 10  9