120 15
 8 40  1  1 11 87  9 54 10 95 13 96  6 18  4 64  5 78 12 95  7 67 14 79  3 26  2 23  0 39
14 73  5 21  6 86  8 12 12 22 11 42  0 23  1 76  9 84  3 94  7 32 13 60  4 13 10 11  2  1
 6 23  0 35  8 38  9 72  7  1  4  8  2 81 14 85  1  1 10 13 13 90 11 50  3 39 12  2  5 10
 6  8  4 54  1 84 12 34 13  7  9 18 10 85  5 29 11 69 14 34  8 20  3 70  7 76  2 76  0 57
 4 12  9 96  5 55  3 80  8 76  7 68  2 31 13 36 14 61 12 77  6 83 10 85  0  9  1 22 11 96
 9 17  2 30  6 12 14 11 13 95 10 82  0 15  8 92 11 75  3 39  5 99 12 40  4 41  7  5  1 27
11 58  9 66  4 38 12 97  1 12 13 63 10  2  8 87  6 84  7 30 14 16  2 58  0 16  5 40  3 91
 8 45  0 13 11 72  7 52 12 45 14 63 13 21 10  6  5 90  6 69  9 77  3 50  2 37  1 42  4  5
 5 32 12 25 14 10  7 84  3 25 11 90 13 96  2 89  0 95  8 29  4 21  9 44 10 90  1 11  6 93
12 87  3 43 10  7  9 15  1 85 14 10  5  3  8 41 13 95  4 75 11 13  6 53  0 16  7 98  2 57
 0 48 11 51 10 92 13 87 14 45  6 66  4 98  9 45  7 65  2 61  8 73  5 41 12 71  3 14  1  9
 6 34  8 19  3 92 13 91  7 39 11 46 10 17  1 48  4 79 12 96  2 25  5 83  9 13 14 89  0 85
 8 23  9 81 14 93  1 35 11 90  0 66 12 75 10 75  6 35  4 25  2 99  5 17  3 59  7 65 13 92
 6 40  8 21  1 40  4 38 13  8  2 66  9 31  3 40 14 26  0 84 10 93  5  2 12  5  7 51 11 38
14 62 11 11  2 99  9 18 12 28  1 22  8  7  0 79 13 43  6 99  5 53  7 39 10 92  3  6  4 92
 8 83  1 36  3 59  5 95  4 65  7 85 10 24 13 94  6  6 14 47  9  6 12  5  2  1 11 79  0 98
10 89 13 52  8 62 12 25 11 68  5 62  0 41 14 73  1 78  9 42  4 10  7 45  2 84  3 55  6 33
10 42 13 93 12  3  1 60 14  7  6 68  7 15  5 28  8 91  0 80  3  5  4 66 11 36  9  2  2 57
 2 66 11 16 12 51  8 18  4 83  5 95 13 21  1 93  7 74  0 63  9 94  6 57 14 73  3 20 10 88
 3 89  7 18 10 49  5 87  0 29 13 51  6 52  1  4  2 33 14 68 12 27  9 42  8 53  4 91 11 92
11 22  0 10  2 84  8 21 12 13  1 39  7 77 13 48 10 22 14 13  6 64  3 91  5 28  4 76  9 20
 8 99 13 26 11 78  3 58  1 75 10 82 12 65 14 48  4 74  9 27  0  2  5 54  6 84  2 57  7 38
 4 80  6 24 10 44 11 86  2 87  1 60 12 21  7 74  5 48 14 83  3  2  8 18  9  1  0 56 13 47
 7  4 10 39  0 43  8 69  5 11  4  4 11 33  6 48  1 14 14 87 12 46  9  8 13 34  2 43  3 77
10 58 14 39  1 98  5 76 12  7  9 31  3 54  6  9  4 93 13 60 11 22  8 69  2 91  0 72  7 78
 7 55  9 16  2 71  4 75 10  2  3 19 11 60  8 38 14 16 13 62 12 73  6  9  5 64  1 61  0 49
 9 51 13 37 12 86  5 83 14 15  1 22  0 21 10 72  8 76  4 98  6 75  3 71  2 14 11 23  7 99
 2  2 13 59  6 11 11 15  0 53  1 73  5 25  9 32 14 32 12 83  8 48  7 60  3 66 10 96  4 11
 5 94  4 89  6  7 11 69  2 93 12 18  3 50  0 30  8 54  7 35 13 88  9 21 10 54  1 80 14 30
 4 43  2 48 11 40 10  5  0 68 13 22 12 57  5 36  6 54 14 87  3 23  8 76  7 52  9 44  1 49
 0 42  5 98  8 55 12  8  4 47 10 73  9 82 13 60  6 28 14 87  1 33  2 34 11 50  7 75  3 25
 0 14  3 38 10 80  4 87 12 33  9 91  6 87  5  1  8 90 13 88 14 90  7 22  2 64  1 62 11 18
 6 32  0 60 14 30 12 18  8  1  1 34 13 56  7 15  3 22  9 80  5 25 11  9 10 55  4 51  2 24
 9 86 10 67  8 61  3 38  2 99  5 43  7 71  0 65 11 58  1 37  4 60 12 65 13 83  6 90 14 94
 9 11  3 26 14 41 12  1  5 60 11 77 10 55  6 53  0 15  4 59  7 43 13 17  8 30  1 65  2  2
 3 51 14 14  7  5 12 46 11 41  0  5  9 32  5 31 13 31  4  3  6 84  8 82  1 25 10 39  2 87
 0 81 12 67  9 61  4 55  6 87  8 20 14 28  7  7 11 14 10 73 13 72  3  5  5 58  2 57  1 38
 2 61 13 28 10 53  1 75 12 31 11 22  7 26  0 10  5 19  9 10 14 78  3 37  8 85  4  2  6 35
11 12  8 15  1 59  9 69  5 91  3 66  6 98  7 28 14 76 12 87  0 20 10 95 13 10  4 44  2 95
 1 30  4 94 12 86 10 12  6 89 11 83  0 57 13 11  8 29  5 48  2 38  3 50  9 83  7 34 14 29
 4  5  9 47  2 24  7 78  1 33  6 25  3 53 14 44 11 44  0 97  8  4 12 54  5 89 10 85 13 22
 1 46 14 22  8 98  9 83 12 30  5 70  3  8  6 45  4 26 10  5  2 36  7 92 13 79 11  3  0 11
 0 16  3 16  5 66 13  9 14 18  9 62 11 71 12 29  2 80  1 96  4 79 10 95  6 76  7 25  8 66
12 99  0 20 10 29  8 99  3 19  1 99  9 34  6 70 13 50 14 18 11  9  7 51  5 46  4 70  2 32
 4 77 10 99 14 49  7 27  9 62 13 10  3 26  2 77 11 14  5 18  0  4  6 13  8  6  1 48 12 40
 2 82  5 37  8 20 11 91  4 55  9 51 10 26  1 11  0 45  7 82 14  6  6 54  3 43 12 60 13 15
14 66  8  2  0 84  6  5  5 21 13 35  3 77  4 16 11 12  9 54  2 56  1 53  7 20 10 18 12 64
 4 17  5 73  9 12  2 84  7 10 13 40 11 42  3 66  6  7  1 28 12 30 10 97 14 60  8 33  0 30
 9 67 12 34  8 76  6 79  0 79  5 75  7 44  4 39 13 76  1 66 14 24 10 14 11 51  2 15  3 60
 7 29 10 36 13 48  8 27  2 25  9 39  3 11 11  7 12 35  6 55 14 63  5 96  0  9  4 37  1 59
 8 20  2 43  9 22  0 71 11 61  3 61 12 80 14 73 13  3  6 41  5 24  4  2 10 46  1 82  7 53
10 80  6 75 13 15  2 86  7 41  3 27 11 72  0 59  1 89  4 36 14 82  9 95  5 25  8 66 12 59
 4 13  9 62  2 55  0 72 12 98  7 29 13 90 14 46  1 73 11 83  8 54 10 80  3 82  6 77  5 65
10 62  7 36 13 39 11 26  8 22  1 99  5 66  0 52  2 74  6 70 12  8  4 38  3 70 14 24  9 46
 5  4  0 67  3  6  8  1  4 17 11 60  2 41 10 70 14 86 12 32  1 96  9 43  6 61 13 11  7 79
 3 25  4 42  6 41 14 92  1 81  7 95  2 48 12 14 10 37  0 69  5 72  8 93 11 39  9 26 13 75
 6 51  3 50 12  5  7 41  8 11  9 65  2 52 10 27  0 47 11 54  4 85  1 22 13 99 14 50  5 13
 3 51 14 91 12 53  7  7  9 17  0 47 13 41  5 35  8 15  1 16  4 68  6 93 10 38 11 33  2 97
14 23  6 26  0  9 12  7  8 10  1 84 10 72  9  4  2 19  7 69  3 85  5 41  4 21 13 87 11 14
 5 30  3 75  6 14  9 41  8  7  4 80  0 22 14 12 10 20  7  1  1 66 11 23 12 30  2 68 13 98
 3 76  4 44  1 37  8 81 13 83 11 16 10 15  9 15  7 20  2 39  6 61 12 32  0 80  5  6 14 11
 9 71 13  3  2 81 12 69  6 62  0 31 14  3 10 47  5 39  1 69  7  4 11 67  4 45  3 30  8 75
 4 83  7  4 10 69 13 97  0 87  5 91 14 87  8 90 11 72  6 40  3 53 12 80  2 22  1 76  9 67
 5 77 12 20 10 49  3 31  8 35 13 30 11 10  9 27  1 36  0  7  4 40  2 64  7 91 14  1  6 60
 7 67  4 19  8 22 10 20 13  3  3 90  0 27 14 59 12 81  2 33  6 86 11 50  9 27  5 42  1 32
 9 14  4 33  2 11 14 43 13 22  5 27 12 55  8 70  6 52  0 29  7 46 10 70 11 31  3 19  1 38
14  9 11 23  0 73  1 23  8 50  5 95  2 65  3 95 13 26 12 74  6 41 10 16  4 33  7 56  9 35
 9 15 10 84  3  2 12 77  0 31 14 27  1  8  5 43 13 49 11 50  6 67  4 95  2 33  7 70  8 21
 2 31  9 29  7 62  1 47  6 79 12 49  0 12 11 31  5 30 10  2 13 84  8 75  3 89  4 36 14 79
 3 43  0 67  8 60  9 31 12 84  7 32 10 87  1 79  5 50 14 23 11 14 13 75  4 73  2 80  6 29
11 27  0 52 12 21  6 79  9 39  5 36  2 42  3 13 10 20  4 56  7 73 14 84  1 88  8 84 13 23
11 63  1 20  8 75 14 28  6 91  7 93  9 95  5 29 12 30  4 84 10 17  2 39 13 40  0 45  3 58
 1 50  9 65  5 92 14  6  4 37  8 43  0 33  2 71  6 91 13 88  3 33 12 47 11 39 10 93  7 83
12 88 11 18  5 29  7 89  2  4  0 46 10 39  8 31  3 36 14 12  1 93 13 31  9 44  4 97  6 95
11 92  1 90  2 78  6 33  0 53  4 18  3 25  8 80  9 42 12 23 13 78  7 41 10 25 14 30  5 33
 7 13  4 74  3  4 12 83  9 62  8 83 14 28  5 57  6 58 13 88  1 55 10 48 11 49  2 96  0 81
 5 26 12 91 10 32  0 14  7 23  4  1  2 85  1 79 14 53 11 65  3 99  8 76  6  6  9 23 13 47
13  9 12 99  0 18  2  8  3 37 14 21  7 41 10 90  8 73  4 54  5 21  1 10  6 95 11 70  9 27
 9 15  1 36  8 66  4 47  3 96 12 21  0 20 13 78 11 77  6  9  7 95  2 73 14 38  5 33 10 95
 4 33  6 13  0 90  7 21  3 79  1 92 12 17 10 77 11 19  9 81 13 16  2 56  8 92 14 81  5 65
 3 16  4 53 13 51  9 34  0  7  2 64 12 10  6 49  7 20 14 25  1 80 10 96 11 13  5  4  8 44
11 78  4 31 10 55 13 11  5 84  7 89  8 60  3 29  6 53 12 62 14 46  1 68  2 90  0 12  9  5
13 34  2 97  8 91 14 59  7 28  4 36 10  9  1 33 11 10 12 58  6 89  0 70  5 90  3 11  9 40
 7 24  0 13  4  9 10 25  6 93  3 77 13 14  1 44 11  3  2 35  5 71  8 27 14  4 12 54  9 38
13 28  7 20 10 39  9 31  5 71 11 30  0 30  1  4  4 78  6 84  8 24  3  7 14 76  2 76 12 74
13 96  5 67  6 48  8 33  9 52  1  7 14 35  2 78 11 82  0 15 10 57  3  8 12 34  7 58  4 22
 7 47  3 40  8 95  9 89 14 87 11 16 12 38  6 76 13 87  5 44  2 86 10  1  1 40  0 64  4 11
 5 49  0 68  7 10  2  9  3 52 12 25 10 40  8 84  4 11 14 72  9 41 11 12  1  3  6 41 13 41
 3 79  1 77  6 60  7 67  5 97 13 35 14 23  8 34 10 41 11 25  9 24 12 27  0 98  2 93  4 61
 1 80 14 40 13 30  5 83 10 45  7 67  6 28 12 39  4 49  2 80  8 60 11 65  3 47  0 43  9 37
 8 48 10 58  4 58  2 82 14 60  0 51  5 49  3 62 11  1  6 25  1 52 12 82  9 75  7 73 13 11
 0 12 11 43  2 85 13 97 14  6  8 51 12 98  4 46  3 94 10 84  1 46  9 34  6 87  5 29  7  8
14 37 11 49 13 27  6 78  1 58  7 46  9 59  2 11 12 55  4 49 10 82  5 57  8 14  3 13  0 78
 4 38 10 17  3 64  7 48  2 29  5 51  8 80  9 78 12 48 11 94  0  7  6 80 13  3  1 17 14 99
 9 59  0 43  3 29 14 30 13 20 12 62  2 20  7 64  1 13 10 13  4 31  5 73  8 57 11 67  6 94
 1  5 11 87  0 76  6 18 13 27  5 62  7 64 12 32  9 80  2 83 14 77  3 74  8 67  4 33 10 85
13 66 11 52 10 81  3 50  7 88 14 44  2 38  1 31  6 91  9 36 12 72  5 83  4 83  8 84  0  7
14 22 12  7  4 50  3 30  2 22 13 81 10 11  8 47 11 60  9 97  7 97  5 10  6 32  0 19  1 50
12 33  6 84  1 12  2 62 14 62  4  2  0 20  8 13  7 97  3 81 11 10 10 93 13 64  9  9  5 60
 2 81  8  2  6 94  7 86 12 60 13 82  9 82  0 88  5 47  3 17  4 61  1 29 11 17 10 78 14 16
 7 24 12 11  9  2  4 97  0 79  8 24 10 20 13 19 11 58  5 41  6 71  2  3  1 52 14 28  3 62
 0 63  8 69 13 80 14 95 12 44  7 75 11 20  4 15  3 34  5 79  9 84  1 27 10  2  2 56  6 83
 3 13  9 23 12 42 11 82  4 11  5 36  7 51  8 30  6 98 13 43 10 96  1 60 14 70  2 39  0 31
 5 86  2 32  3 31 12 34  1 97  4 14  7 72 10 11 14  2  8 35  6 94  0 35 11  5 13 59  9 34
 8 45  3 14  9 44  5 18 12 19 11 26 10 14  2 67 14 39  4 70  7 23 13 91  1 90  6 98  0 58
 6  7  1 54 14 97 13 90  3 93 10 61  0  5  5 41  7 99  2 82  8 87  4 73 12 42  9 65 11 19
 1 30  0 88  9 93  8 95 12 21  7 12  3 62  2 34 13 45  5  8  6 40 11 24  4  3 10 56 14 91
 6 95  7  4 11 76  9 73  5 59 13  4 12 63  0 22  1 31  2 53  4  9  3 51 14 71  8 38 10 22
14 88  1  1 11 68  9 21 12 65  2 86  7 51  5  7 10 86 13 21  6 20  4 50  8 24  3 73  0 38
10 57 12 58  2 83 13 48  6 86  0 80 11 71  8 23  7 86  4 65  9 19 14 80  1 28  5 28  3 91
11 35  8 14  4 64  9 58 13 23 12 72 14 71  1 86  6 22  7 69  0  8 10 29  3 73  5 55  2 68
 0 20  8 74  6 69  7 69 11 73  2 81  4 86 10 42  3 32  9 95  1 93  5 45 14 94 13 82 12 73
11 66  4 57  3 33  2 14 10  7  9  6  6 95  7 30  0 20  8 15  5 96 12 38  1 22 13 31 14 36
 8 46 10 76 12 11  4 80 14 32  0 52  7 25  6 81 11 91  9  8  1 43  3 25  2 30 13 54  5  8
11 36  5 99  7  8  3 65  4 55  8 85 12 68  9 76 13 34  0 48  1 34  6 15 14 81  2 26 10 22
10 41  6 91  5 27 12 72  3 89  2 26  1 46  9 74  8 87  0 67  7 87 13 29 11 10  4 46 14 73
 8 88  9  3 11 93 14 63  7 61 10 43  3 43 12 93  0 26  6 33  1 46  5 67  4  3 13 83  2 53
 8 53  4 34 13 32  1 34  6  4  9 59  2 87 12  1 10 82 14  2  7 11  3 73 11 82  0 78  5  6
14 14  5 49  4 15  8 75  1  6  0 73 12 95  2 48 13 71  3 37  6 28  9 40 10 92  7  1 11 59
10 82 13  8  7  9 12  9  8 44  3 56  5 33 14 86  4 84 11 54  9 58  6 16  1 48  0 77  2 24