120 15
 3 27 13 46 14 10  6 55  4 68  7 75  0 21  8 22 12 34  5  4  1 43 11 36 10 97  9  9  2 31
 1 70 14 30  0 71 13  1 12 93  8 49  9 37  6  6  2  2 11  2  3 61  7 36  4 77  5 29 10 98
 7 80  6 77 10 72 11 73  8 36 12 82  5 59  2 53  3 44  4 69  1 90 13  1 14 81  9 48  0 72
 5 12  8 11  9 63 14 54  7 62  3 37  6 88  4 82 10 20 13 78  2 62  1 67 12 59  0 87 11 66
 5 80 14 80  2 52  7 56  0 85 10 24  1 31  9 59  4 53  8 13 12 50 11 30  3 46  6 81 13 28
 6 97  3 38 13 84 12 81  4 31  9 31 10 76  2 47  1 28  5 35 11 78 14 44  8 52  0 19  7 95
13 29 14 71  9 90  6 69  5 51  1 27 11 61  2 70 10 10 12 49  8 99  7 11  4 10  0 12  3 68
11 10  6 21  4 20 14 21 13 48  1 69  3 81 12 89  9 78 10 77  5  4  2 57  0  3  7 23  8 23
 1 45 10 27  6 49  9 41 13 82  4 45 11 24  5 43  7 95 12  2  3 71  8  6  2 70 14 52  0 21
13 46  8 70  3 52  6 74  4 40 14  6 10 53  9 25  7 70 12 94  2 41 11 29  0 14  1 53  5 24
 1 31 13  1 10 20  6 45  2 36  9 46  7 91  3 81  4 84  8  6 12 73  0 41  5 82 14  7 11 26
14 64  5 79  0 52  1 98 12 40 10  9 13 16  2 87  3 40  9 82  7 36 11 39  8 56  4  2  6 57
 2 62  6 84 13 44 14 41 10 93 12 52  8 50  4  9  0 18  5 80  3 30 11 53  7 48  9 96  1 41
11 57 13 18 12 88  5 71  8 43  9  8  7 25  0 80 10 38  1  8  2 94  4 26  6 17 14 38  3 43
 2 57  1 80  5 64  7 17  6 27 13 80  3 85 10 30 12 90 14 79  4 51  0 57  9 72  8  9 11 46
13 74  0 98 10 51 12 89 14 69 11  8  5 48  8 72  1 61  7 36  4 82  2  9  6 40  9 87  3 45
13 84  2 63 11  8  9 93  3 82  8 81  4 43 12 60  7 46  1 68 14 85  0 75  6 92  5 65 10 43
 8 21  9 49  0  4 10 44  2 73 14 54 11 40  1 24  3 11 12 36  7 63  5 75 13 44  6 98  4 54
 4 22  9 47  7  8 13 54  2 25  0 27  5 36  3 63  6 67  1 97 12 74  8 47 10 21 14  7 11 79
10  4  4 37  0 18  2  2  6  8  7 64 11 84  3 73  9 47 12 42 13 44  8 16  1  2 14 96  5 60
 5 19 10 37 13 26  4 33  6 98 11 78 14 70  9 88  1 41 12 60  0 10  3 76  7 84  2 90  8 40
 2 91  0 14  6 88  4  8 12 91  9 46  1 67  3 31 11 36 10 45 13 16  5 29  8 39 14 54  7  2
12 21 14 62  0 71  4 41  2 69  6 77  3 98  8 11  7 70  5 84  9 71 10 23 13 16 11 59  1 92
14 26  2 68  3 74 11 14  4 88  6 65 12 92  7 96 13 90 10 43  0 69  8 12  5 79  9 20  1 19
13 93 10 40  1 12  8 83  3 26  6 28  7 63  2 71  0 87  5 70  4 67 14  7 12 92 11 65  9  4
 2 14 13 85  1 28 10 46 12 92  7 66 11 82  5 17  4  5 14 34  6 84  9 34  3 40  0 32  8 89
 5 20 11 44  3  9  7 78  6 53  2 80 14 78  4 69  9 68 13 29  8 30  1 94  0 27 10 35 12 19
13 94 14 55 12 83  1 75  2 64  7  2  4  4 10 15  9 18  6 70  0 77  8 47  3  2 11 67  5 93
10 95  4 83  5 91  9 30 14 85  2 60  0 54  3 47  6 80  1 95 12  6  7 85 13 70  8 39 11 24
 4 82  0 26 13 34  2 35 12 13  9 58 14 98  7  6  3 39  8 48  6 58 11 31  5 15 10 75  1 84
 9 63  0  3 13 28  7 62  4 23  6  3  1 88  3 34 12 17  2 82  5 88 10 84 11 42  8 54 14  2
 3 10  1 41  9 39  4 89 11 42 13  5  0 43 14  1  7 35 10  5  6 72  2 87  5 78  8 65 12 92
11 21  2 34  6 84  5 53  1 12 10 18 13 51  3 90 12 38  7 84  9 39  8 80  0 29 14 91  4 73
 7 64 12 56 10 79 13 46  3 10  8 25  1 51  9 62  6 55  2 90  0 59  4 75 11  8 14 95  5 78
 0 54  8 92  6 11  3 59  7 74 13 25 10 77  9 46  4 34  5 44  2 82 12 15 11 20 14 60  1 37
 1 63 12 66  4 82 10 22 14  6  5 43  3 14  6 84  7 85 13 89  9 96 11 88  0 43  8 26  2 95
11  5  4 29  6 38  9 11  2 88 14 80  0 35  7 82  8 32  5 96  3  4 12 44  1  8 13 10 10 94
10 47 13 62 11 62  2 69  4 10 12 39  7 19  3 60 14 40  9 83  8 43  5 76  0 19  1 25  6 39
10 74 14 94 12 83  1 85  0 26  9 21  5 19  4 57  7 71  8 96 13 31  6 75 11 85  2 49  3 71
 3 36 11  6  6 84  4 73 14  3 10 26 12 66  9 82  7  3  0 42  8 84 13 43  2 23  1 79  5  9
 4  3  7 51  2 89 12 36  6 15  5 45  8 26 13 21 14 24 11  8  9 81  3 69  0 95  1 62 10 73
 8 91 13  3  7 65  3 66  1 13  0 40  6 45 14 39 10 98  4 33  5 77 11 52 12 37  9 55  2 80
 6 55 13 44 10 97  8 71  5 85  9 80  3  6  7 61 12 84  0 42  1 91  4 38 14 88  2 51 11 38
12 31 10 54 14 30  4 10  2  4  5  9  8 71  7 78  3 18  0 33 11 82  6 34  1 58 13 46  9 68
 0 77  8 91  3 27  6  5  9 20 12 13  4 95 14 18 13 80  5 48  7 42 11 12  1 84  2 99 10 56
 2 70  1 37  0 17  4 37 13 32 12 36 11 29 10 80  5 27  9 42  3 61  6 80  8 62 14  6  7 50
 1  1  9 96  7 15  5 42  8 17 11 50  3 97  2 36  0 47  4 69 14 67  6 14 13 73 12 82 10 60
13 92  3 47  7 11  2 70 14 31  8 34  9 20  1 49 12 30  4 37 11 49 10 60  5 70  0 10  6 14
 6 82 11 25  8 16  1 95  9 79  3 96 13 87  5  9 12 76 14 16  4 40  7  5  2 93 10 32  0 43
13 43  9  1  0 87  4 11 10 84  3 35 12 14  7 52  2 59  8 21 14 64 11  4  5 74  6 89  1 99
 8 68  0 12  7 25 12 13  5 77  6 50 11 80  4 62  1 77 10 22 14 67  9 21  2 37 13 86  3 68
12 84  3 56 14 90 11 17  0 30  5 69 10 29  1 50  7 77  2 74  9 22  8  3  6 79 13 12  4 63
10 10 11 86 12 18  4 20  1 77  2 36 13 59  5 73  8 31 14 13  0 96  7 40  3 75  9 61  6 86
10 78  1  2  3 44  7 84 14 86  9 81 13 79  8 25 12 44  2 63  4 19  5  6  0 28  6 71 11 94
 8 24  3 27  4 83  6 83 11 80  2 30 14 12 10 21  0 94 13 39  1 51  5 80  9 71 12 70  7 34
14 30  5 61 10  7  1 31  8 43  0 30 11 83 13 81 12 30  7 46  4 37  9 98  2 91  3 12  6 72
 9 58  6  9 14 91  2 88 11 84 13 17  3 99  0 95 10 79  8 91  5 79  7 47 12 98  4 33  1 65
 7 30  1 57  5 99  4 55  3 30  8 98  6 74 11 61  9  5 12 49 14 24 13 73  2 25 10 79  0 99
14  6  0 91 10 29 12 45  1 78  7 60  9 69  3  4  6 11  4 14  2  8 13 62  5  3  8  9 11 92
 4 68  5 33  8 78  9 16 10 75 12 96  0 61  7 52  2 63 13 24 14 51  6  7  1 36  3 14 11 73
 8 52 14 38  6  7  9 55  0 71 13 50  4 65  1 87  5 46 12 47  7 50  2 11 10 11  3 82 11 95
 4 60  1 75  5 88 11 76  8 45  9 84  2 49  0 69 13 25 10  2 14 80 12  6  7 52  6 23  3 25
 4  2 13 64  6 62  0 75  3 23 11 24  1 12  8 52  5 64 12  4  2 95  7  1 14 18 10 47  9 91
 6 73 12 41 11 40  9 32 13 13  0 54  7 81 14 35  4 52  1 17  2 39 10  9  8 39  5 72  3 67
 7 31  4 82 14 83  5  8  0 44  3 76  2 35  8 87  9 86 11 59  6  4 13 31 10 91 12 64  1  9
 9 64  1 18 12 34  3 45  6 96  0 61  8  3  5 32  2 99 14 58 11 81 13 34 10 93  4  1  7 49
14 26  9 15 10 15  0 50  7 40  8 78  6 48 13 20 12 78  4 35  2 35  1 12 11  7  5  1  3  7
 3 32  0 98 11 48  4 80 14 91 12 46  9 25 13 36 10  8  6 61  8  2  7 96  5 55  2 99  1 44
13 30  9 57  0 19  3 62  8 81  4 22  5 14 10 82 14 36  2 57  7 71 12 80  1 88 11 18  6 31
 6 56  4 37  9 86  0 56 10 93  5 10 13 30  3 89 12 15  1 57  8 44  2 81  7 94 14 79 11 17
 4 64  7 70 12 27  8 54  9 74  5 73  2 43  0 60  3  9 13  2  1 97  6 74 11 49 10 35 14 26
 3 22  0 59  8 51 13 89  7 76 11 13  4 88 10 51  2 99 14 51  9  1 12 17  5 17  6 34  1 48
 2 29 11 49  1 87 13 29  8  1 12  5  4 67 14 37 10 79  7 46  0 50  6 48  9 14  3 85  5 69
 7 42 13 11  0 57  4 80 10 33 11 11 14 42  3 96  8 51  9 21  2 68 12 50  6 52  1  1  5 36
 1  5  8 43  4 99 13 56  0 42 12 86 10 50  5 28  2 94  7 61  6  7  3 77  9 33 14 30 11 13
 3 83  7 34  2 49 10 15  0 98 11 89 12 86  8 38 14 78  4 95 13 28  9 65  1  8  5 29  6 60
11 43  4 97  2 76  6 44  0 89 12 21  9 40 13 48  1 97 10 19  3 74  8 54  7 71  5 93 14 11
 7 76 14 73  2 28  4 99 10 55  6 13  0 44 12 45 11 74 13 88  5 73  3 36  9 55  8 82  1 54
13 36  5 51  3 61 11 32  4 92 10 67  0 78  1 87 14 41  2 92  9 26  6 61  7 17  8 84 12 40
14 13 11 21  2 55  9 71  8 12  5 57 10 52  1 80  7 98  3 92  0 22  4 18 13 63  6 30 12 49
 2 73  1 39  9 97  7 38  3 24  5 25  6 32 10 39  0 76 11 99 13 66  4 55  8 99 12 25 14 49
 0 87 12 20  6 57  3  6  1 95  8 76  2 38 13 10 10 74  7  9  4 25  9  7 11  8 14 18  5 34
12 76  4 46 11 91 14 23  1 10  7 25  8 30  3 56  0  4  2 53  5 38 13 40 10 13  9 61  6 92
 2 63  1  8  8 67 11 40 13 71  6 25  0 21 14 30  5 71  7 24 10 28 12 98  3 73  4 84  9 11
 3 83  9 40  4 85  8 22  1 14 12 69 11 82 14 55  5 53  7 41  2 29 10 54 13  6  6 10  0 82
12 67 14 33  4 44  3 44  0 69  2 32 11 45  7 13 10  2  5 28  8 15  1  1 13 90  9 85  6 62
 1  5 10 32 11 90  8 23  0 61 12 70  4 84 13 16  3 13  2 40  6 13  5 18  9 26  7 24 14 67
 1 30 12 53  3 27  9 48  4 94  2 27  5 46  7 67 11 50  8  3 14 52  6 40 13 81  0 15 10 72
 5 40  1 20  6 88 11 51  4 56  7 87  0 86 10 49 14 43  3 17  9 85 12 68  8 45 13 48  2 81
11 46  0 11  1 15 10 13 12 43  9 83 13 12  3 72  2 84 14 14  6 47  4 24  8 78  5 86  7 40
 4 52 14 53  3 86 10 80  9 95  6 95  2  6 12 74  5 90 11 90  1  8  0 66  7  1  8 37 13 77
12 26  7 86  9 69 13 92  0 44  4 17  1 91  5  4  3 69 11 78  2 47 14 47  8 96  6 56 10 96
10 47  1 51  3 64  0 12  9 44  8 85  7 61 14  5  4 70  2 84 12 26  5 25  6 79 13  1 11 82
 7 32 11 65 13 32  6 86  4 22  8  4 14 51 12 97  3 12  2 60  0 42  1  8  5 50  9 24 10 91
13 60  6 41 12 22 11 38  7 24  9 14  2 38  5 87  3 63  1 52 14 82  8  5  4 15  0 40 10 10
 8 90  1  3 10 26  9 64  6 37  5 84  4 74 13 83 12 96  2 85 14 92  3 99  7  3  0 94 11 28
13 14  4 94  8 56 11  1  7 24  2 28  0 39  9  3 14 61  6 36  5 49  1  4  3 75 12 39 10 32
 4 11 11  7  7 99  5 72 10 56  3 34  6 55 14 27 13  7  0 95  9 10  8 59  2 42  1 25 12 41
 6  7 11 78  7 80  8  8  5 69 13 34  3 44 14 85  0  5  2 43 12 86  1 33  4 46  9 16 10 88
 8 91  0 95 14 19 11 89  3 81  6 94 13 50  2 52  7 94  9 62 12 47  1 26 10 75  4 45  5 88
 8 39  0 82  5 72  1 17 11 66  4 59  2 89 12 36  9 69  7 31 10 81  3 64 14 39 13 87  6 41
13 13  4 34  1 72  7 62  5 28  3 89  6 26 10 53 14 42 12 11  9 51  0 74 11 11  2  5  8 30
 1 97  2 68 12 43  6 76 13  2 14 61  3 42  5 28 11 34  7 64  9 54  4 75  8 29 10 18  0 93
10 10 14  1  4 53 12  7  3 33  0 98  7 60  2 90 13 33  5 17  1 19 11 75  8 29  9 74  6 92
 3 87  7 76  6 27  2 59 11 50 14 13  8 41  1 60 10 87  9 52  4 20  0  9  5 84 12 93 13 27
12 88  1 11  6 90 10 54 13 11  8 85  9 77  7 34  4 96  2 86  5 85  3 51 11 64 14 28  0 44
13 45  7 50  0  5 11  4  3 24  2 47  9 13 14 59 10 76  6 57 12 39  1 15  8 44  5 89  4 84
12 37  6 37 11 89  4 61 13 33  8 72  5 85  1  8  2  6 14 93  9 62  7  3 10 97  3 76  0  4
 0 72  9 41  1 46  8 64  4 17 10 99  7  9  6 29 13  2  2 72 11  4  3 51  5 41 12 35 14  3
14 11  5 41  7 22  6  8  8 79  9 51  2  1  1 50  3 18 10 76 12 28 13 73  0 47  4 28 11 20
 7 36  0 17  1 95 12 87 14 31 11 82  5 78  8 53  4 83  2  1 13  2  9 51 10 69  3 21  6 82
 6 78  1 40  9  2  4 56 12 64  5  3 11 90  3 32  7 43  0 76 14 16 10 67 13 26  8 30  2 31
 6 67  7 51 11 34  5 27 10 46  4 57  8 36  1 56 14 16  2 56  9 27 12 96  3 70  0 18 13 45
11 30  6 32  2 47 12  1  7 64  9 30  3 81  0 57  4 42  1 64 13  8 14 90 10 95  5 97  8 82
 1 11  6  7 12 85  2 43  3 94  8 85  0  1 11 11  5 95 10 81  4 41  9 67  7 95 13 58 14 87
13 54  5 60  1  1  9 69  8 13 14 99 10  5  3 25 11 45  6 38  7 20 12 40  2 18  4 25  0 34
 8 58  6 93  5 53 13 81 10 34  1 73  9 97 11 42  0 20  3 71 12 22  7 21  4 31  2 99 14 36
14 99  0 38 12 12 13 25  9 22  7 96  6 82 10 74  4 38  1 52 11 93  5 17  3 81  8 19  2 18
 6 11  1 60 10 93  2 69  5 27  0 73  3 57 13 46  9 38 12 61  8 50 14 27 11 71  7 70  4 36
 0 82 14 90  1 18 10 93 12 97 11 24  2 93 13 56  7 51  9 89  4 66  5 29  8  8  6 97  3 41