120 15
 2 42 13 57  0 52 11 38  4 96 10 40  7 14  9 12  8 59 12  7  6 33 14 39  5 15  3 50  1 68
 3 69  1 87 13 72  6 62  0 47  8 56  9 73  4 54 11 90  5 59 10 87  7 87 12 70 14 99  2 35
 4 33  6 59 13 78  0 40 10 87  3 71  9 33  2 61  5 45 12 70  7 11  8 82  1 13 11 58 14 95
 2 60  7 23 10 16 14  6  3 58  5 25 12 65 11 16  4 74  1 83  8 13  0 16 13 59  9 77  6 51
 9 22 10  7 11 10  4 71  0 35 13 97  7 64  6 68  1 70  3 80  5 22  8 21 14 13 12 53  2 87
11 53  7 34  5 48  1 27  6 27 14 38  4 96  2 75  9 28 12 76  0 89  8 27  3 37 10 45 13 95
 3 46  7 83  4 29  9  4  8 98  5 46  6 14 10 11  0 52  2 40 12 44 11 26 13 96 14 80  1 96
 3 91  8 58  5 35  0 26  9 92 10 31 14 51  1 15  6 55  4 20 12 10  7 40 13 49 11 33  2 51
13 52 11 62 12 14  6 47  7 54  3 52  8  6  4 66  5 52  9 55  2 62  1 58 14 74  0 21 10  7
 0 96  8  8  6 97  9 81  3 41  5 67  1 34 14 70 11 71  7 90 12  8 13 66 10 79  2 72  4 37
 7 45 13 82  4 21  6 89  5 38  1 86 11  5  0 97  3 54  2 13  9 36  8 80 12  9 14 55 10 18
 1 64  8 97 14 84  7 53 12 22  2 60  4 62  3 28 11 35  6 53  0 78  5 91  9 80 13 77 10 43
 0 84  1 55  6 85 11 78  5 42  8 67 14 58  4 37  3 59 10 23  9  3 12 48 13 22  7 42  2 97
11 76 13 70  0 46  2 49  6 67  5 94  8 88 10 38 12 17  9 98  1  7 14 24  3 74  7 79  4 29
10 89  6 20 11 79  5 38 12 15  4 75 13 22  8 50  1 76  7 10  9 32 14 89  2 61  0 27  3 29
 1 60 10 18 11 84  4 79 14 43  8 22  2 24  3 25  5 96 13 86  7 54 12 83  6  6  0 12  9 71
 9 40  4 43  0 23 12 11  5 67  8 65 10 79 11  3  7 49  1 92  2 61  6 12 14 64 13  7  3 41
 3 56  8 74  1 62 10 54  0 76 13 58  5 91  4 56  6 49 14 79  2 72 12 14  9 33 11 67  7 89
 6 53  0 86 13 40 14 78  2 77  8 74 12 14  5  3  3 10 10  8  9 91  7 58  4 72  1 20 11 35
 2 75  5 91 10 23  8 85  9  8 13 75  1 86 14 86  4 13 11 79  0 82  7 59  6 88 12 86  3 63
 6 52  7 29  9 15  3 90 14 84  2 50 10 70  5 29 12 78  1 10  4 93  8 57  0 71 11 55 13 14
13 76  4 90 14 39 12 23  5 81  7 43  3 71  1 39  8 70 10 97  6 11  0 14  2 55  9 80 11 47
 0 30 13 33  9 95  5 75  6 56  4 22 12 74  7 35  2 96 14  8 10  5  1 49 11 81  3 83  8 99
14  1  5 84  3 48  7 23  9 70 12  8  2 59  6 79 13 96 11 47  0 22  8 87  1  8  4 86 10 19
 4 81  9 99  1 26 11 55  7 47  0 76 13 79 12 59 10 44  3 62  6 25  2 86 14  4  8 55  5 13
 3 33 13 35  8 26 14 43  1 40  0 88  9 83  2 48  7 93 12  5  4 87 10 88 11 88  6  9  5 19
12 34  7 14  0 34 13  8 10 14  5 71 11 96  3 38  1 15 14 17  9  2  2 68  4 27  6 55  8 99
12  1 13 56  4 56  2 20 11 69  3 11  8 98 10 39  0 92 14 68  5 55  1 74  7 79  9  5  6 69
 2  3  6 73  0 17 11 42  8 53  3 81  7 50  9 11  4  9 13 12 12 23  5 63 14 71 10 98  1  7
 7 73 13 99  9 71  6 92  5 72 12 87 11  7  1 48 10 11  0 61  2 35  4 43  8 89 14 71  3 73
 3 90 11 66  2 28  0 79 13 78  1 25  5 14 14 85 12  2  6 68  4 83  8 36  7 24  9 93 10 36
10 38  4 39 11 82  9 58  8 76  6 91  0 28  3 92 12 54  1 43  7  5 14 39  5 41 13 61  2 78
 4 17  5 40  1 17  3 36  7 62 14 65 12 83  2 89 10  3  0 10  8 53 13 73  9 65  6 65 11 35
 8 22  4  7  0 53  1 81 10 70  5 44 12  6  3 53  2 43  7 73 14 73  6 24 11 30 13 82  9  4
14 45  3 55 11 87  2 95 13 41  7 40  6 95  5 55 10 87 12 59  1 38  8 30  9 55  0 44  4 65
 6 95 10 75  2 41 11 89  7 85 12 72  0 95  4 56  9 49  3 29 13 48  1 78  5 55  8 92 14 10
 5 72  7 56  4 90 13 47  1 91  0 24 14 77 12 48  8 77 11 57 10 50  2 49  3 10  6 91  9 23
13 51  0 23  3 31 10 55  7 57  8 21  1  1  2 96  6 23 11 37  5 95  9 46 14 29 12 17  4 71
 1 65  0 63  2 25  5 20  7 66 14  9 13 53  6 58 10 10  8  2  9 26 11 83  3  6  4 10 12 59
13 37 10 62  7 45  9 83  6 78  4  9  0 87 11 91  3 79 12 76  1 33  8 76 14 31  2  4  5 14
 6 48  8 49 13 79  3 11 11 90  1 56  9 72  4 98  5  9  7 72 12 87 10 27 14 98  0 39  2 19
13 28  2 42  0 56  8 29  5 95 12 33  3 95  6 13 14  1  4 66 10 26  7 50  9 39  1 21 11  7
11 44  1 91  6 85  5 94  3 57  8 13 14 24 13 54  4 42 12 65  2 78  7 60 10 72  0 41  9 86
11 25  8 91 12 96 14  2  7 12  4 82  1 54  3 18  5 69  2 94  9 51  6 64  0 99 13 80 10 76
 2 70  8  1  5 24  9 67  1 49  6 94 14 37  4 34 10 24  3 38 12 84 13 63  0 91  7 89 11 85
 9 31  4 16 12 67  8 29  2 97  3 31 10 52  0 93  7 20 14 58  5 62  1 56 13 92 11 27  6 23
 3 23  0 78  2 81 12  7  9 38 14 54  6 18 11 54 10 46  5 90  4 73  7 54 13 91  8 28  1 48
 1 85 14 29  9 93  4 50  6 46 10 95 13 34 11 26  2 32  0 81  5 45 12 30  3 67  8 42  7 77
 4 46  7 75 10 28 13  4 12 60  1 59  9 93  2 47  6 94  3 46 11 33  5 94  0  1 14 97  8 26
14 71  4 53  9 16  6 29  8 93  2 35 13 36  3 91  5 75  0 56  7 75 10  1  1 30 11 67 12 67
 3 16  5 39 14 73  6 37  0  1  9 91 12 61 11 22  4  2 13 13 10 78  8 39  2 92  7 15  1 14
 5 56  0 46 10 11  6  1  9 14  8  1  7 51  3 54  2  7  4 84 14 18  1 92 11 96 13 55 12 60
12 34  6  5  4 66  8 18  3 82  0 79  5  2 10 51  1 36 14 55 13 61  9 66 11 90  2 51  7 23
10 19  6 53 11 35  2 48  0 36 14 99  3 82  7 16  8 40  1 98  5  7 12 62 13 31  9 83  4 88
14 39  4 45 11 45 10 33 13 42  1 24  5 46  7 87 12 12  3 37  0 41  2 30  9  9  6 61  8 92
 5  4  8 66 12 11  3 43 13 26  0 36 14 26 11 72  2 51  9 93  7 63  6 79  4 61  1 97 10 94
 0 57  5 91  2 37 11 66  6 26 10 59  1 22  3 27 12 71 13 92  4 28  8 20 14 39  9 68  7 49
 8  3 14 51  2 71  1 38  3 30 13 74 11 61  5 17 10 30 12 87  6 81  7 24  9 78  4 82  0 11
 6 44  7 18  8  7 14 34 11 44  3 98  9 71  4  9 12 20  5 97 13 76  0 63 10  6  1 42  2 90
11 80 12 83  1 13  7 38  3 48  0 92  8 81  4 74  2 99 14 87 10 78  6 48 13 70  5 67  9 64
 6 20 14 56  5 79  3 52  2 18  8 44  7 49  0 54  9 63 10 79 13 22  4 11 11 76  1 25 12 96
 7 92 13 75 12 25  5 55 14 78  0 20  2 92 11 75  6 52  8 12  4 34  3 73 10 58  1 21  9 90
11 88 13 99  2 96  5 27  8 14  6  9  4 45 10 89  7 25 12 63  0 27  1  7  3 52 14 81  9 78
11  3  4 58  5  1  7 29 12 81  9 54  6 93  0 57  2  5 14 31 13 17  3 95  8 11 10 10  1 81
 9 69  8  1  6  9 11 42 12  1  2 96  7  5  4 30  3 58  5 17 14 25  0 75 10 44  1 56 13 30
 2 80 14 46  1 22 12  3 10 59  0 61  5 42 13 43  9 62  8 35  4 46  7 16  3 73  6 95 11 50
11 45  6 71 14 66  4 37  8 40 10 97  0 58  9 42  5 83  2 83 12 95  1 81  3 69  7 85 13 61
 0 92 10  3  9 15 11 25  7 41  8 31 12 96  4 59 14 67  1 10  2 88 13 87  6 31  5 85  3 26
 3 84 10 26 12 66  0 88  7 67  5 83 14 76 11 57  1  3 13 77  4 51  8  2  2 85  6 36  9  3
 8 44  5 68  9 94  2 86 13 81  7 99 11 30 14 92 10 73  4  5 12 17  6 57  1 69  3 86  0 26
10 13  0 28  4 94  2 86 11 83  7 47  3 63 14 88 13  5  9 99  6 87  1 68  5 83 12 17  8 52
 5 62 13 17  0 70 10 41  8 67  4 89 11 37  2 30 12 89  6 56 14 40  7 62  9 60  1 63  3 88
13 51  8 39  0 87  1 72  2 88  3 13  6 31 14 24 12 72  9 82 10 38  5 90  4 56 11  5  7 81
11 38  9 95  4  4  3 38  1 49 13  3  7  1  0 23  5 37  8 75  2 14 12 15  6 70 10 72 14 59
 5 42 10 92  4  8 12 97  7 17 14 11  6 43 11 69  3 25 13 67  1 84  0 21  2 95  8 91  9 77
 8 24 11 76 13 47  4 93  9 81  1 29 12 71  5 96  3 36 10  7  0 97  6 75  7 10  2 30 14 12
 2 25  1 78  8 68  6 16 14 99  0 78 12 36 10 58  5 36  4 83  9 25 11 55  3 28  7 56 13 45
 2 51  8 18 13 62  3 96  0 26 11 72  7 41  6 45 12 39 10 30  5 55  4  3  1 80 14  1  9 76
 7 89  1 85  6 19  3 27 13 36 10 11  0 46  9  5 14 72  8 86  5  5 11 65  4 57  2 81 12 50
 4 56  2  9 10 42 11 69  5 58  7 79 12 43  8 35  6  8 14 37  9 10  1 31  0 98  3 37 13 72
12 89  4 18  9 76  6 94 14 21  7 48  8 49 13 28  2 93 11 41 10  2  5 13  3 63  0 72  1 95
 6 54  1 12 12  8  4 53 13  8 10 59  2 43  7 33  8 50 11  1  9 61  5  7 14 36  3 43  0 90
10 82  3 44 13 65  5  1  9 66 12 71  4 34  1 78  0 26 11  1 14 39  2 64  6 41  8 71  7  3
 7 48 11 94 10 28  8 96 12 38 14 59  2 16  3 18  9 22  5 39  6 90 13 58  1 82  0 26  4 75
12 26  9 64 14 49  1 50  3  4  5 64  8 15 11 77  0 55  6 13 10 71  2 69 13  1  7  5  4 38
11 44 12 46  4 87  0 64  5 90  2 46  6 17  3 96  9 38  1 16 14 39  7  2 10 65  8 40 13 24
12 60 14 54  3 92  7 79  4 70  9 82  1  2  8 33  6 79 13 30  2 91 11 77  5 16  0  9 10 78
 4 83 11 50 10 24  7 21  0 81  9  4  1 76 12  9  5 41 13 28  2 93  6 30 14 67  8 33  3  1
 0 99 12 48 10 34  8 19 14 55  1 92  7 55 11 23  5 76  6 86  3 81  2 37  9 17  4 49 13 86
14 73  9 65 11  7 12 92  4 17  8 98  1 38  3 14  2 79 10 28  5  9  7  9 13 91  6 57  0 13
 7 92 13 95  8 29  5 67  1  6  3 65  0 16  2 55 12 46 14 84  6 18 11 78  9 72  4 82 10 51
 2 72  5 40  9 28  1 84  4  5  7 39 14 30  8 19 11 96  6 80 12 81  0 49 10 39 13 54  3 33
 6 37  1 34  2 78 13 47 10 10  0 12  5 30  3 59  7 10  9 37 12  7 11  7  4 92  8 60 14 97
14 15 13 16  2 85 11 49  0 61  9 80 10 22  4 65 12 13  3 82  7 19  6  7  1 42  8 27  5 82
12 10  7 94 10 63  6 32 14 87 13 92  4 88  0 11  2 66  3 73  5 24 11 63  9 65  8 70  1 56
 3  2  1 83  8 42  4 56  6 35  5 46  2 77  7 19  9 65  0 38 11 35 10 27 12 49 14 91 13 22
 5 60  3 19  8  8  4 40 10 45  0 85  7 11  2 82 12 45 11 52  6 44 13 55  1 50  9 10 14 63
10 31  8 40  1 70 14 48  3 38  7 18  6 10  4 50  0 92  5 76 12 90 13 21  2 29 11 43  9 93
14 74  3 55 12 85  9 41  8 51  4 48 11 27  5 23  7 24 13 13 10 70  0 77  6  1  2 35  1 82
 4 61  0 61  2 47 10 41  1 98  5 90  9 17  6 17 11 85 12 36 13 20  3 65 14 56  7 21  8 26
 2 55 13 74  6 98  5 24  9 48 14 36  3 85  8 51  1 23 10 97  4  8 12 19  7 75 11 77  0 80
 3 48 14 73  2 44 12 19 11  6  5 67  8 63  7 95 10 61  9 48  0 42  6 72  1 32  4 16 13  7
 5 99  4 83  1 84 11 47  0 13 12 18  3 17  9 91  7 67  2 39  8 51  6 50 10 74 14 22 13  9
 2 78  1 91 14 27 12 98  7  9  9 42  8 17  4 49  3 85 13 41  6 51 11 88  5 64 10 11  0 48
 5 79  2 44  6 84  7  6 13 31 12  3  0 32  1 40 11 19  3 67  8 59  4 50  9 74 14 57 10 31
 3 13  0 20  8 65  6 17  1 34 11 48  9 23 10 79  5 84  7 86 13 88 14 58 12 26  2  8  4 36
10  4  3 45  2 70 12 79  9 77 13 15  1 77  8 49 14 40  6 56  7 42  0 25 11 76  4  5  5 81
 3 93 13  6 11 88  6 10  8 91  7 99  2  7 10 52  5 68  9 47  1 53 12 56 14 64  4  8  0 68
13 54 14 18  9 19  5 85 10 57 11 75  6 98  1 74  4 66  8 98  3 56  2 88  0 95  7 66 12 97
 7  3  1 14 10 60 12 61  3  4  8 53  0 16  9 77  6 61  2 19  4 24 14 77  5  9 11 92 13 68
12 70  5 71  3 72  9 21  1 21  0 70 11 33 10 60  2 40  8  7 14 73  6 19  4 92 13 90  7 65
 6  1  0 32  7 69  1  9  8 66  5 83  9 21 13  8 10 88 12 71  4 29 14 82 11  9  2 53  3 51
 0 12  1 93 14 76  5 87  9 25 13 85  4 15  8 67  3 42  2 20 12 86  7 99 10 77  6 97 11 13
 2 77  9 21 12 21  8  2  4 45  6 85  3 29 11 22  1 26  0 84 10  8  7 65  5 88 14 58 13 30
 5  9  4 93  2 48 12 53  7 21  6 95 11 87  3 89  9 95 14 54 10 65 13 67  0 15  1 66  8 30
 1 46 14 10  9  6  4 45 11 22  5 26 13 15  3 48  7  3 12 94 10 44  8  1  2 56  0 19  6 60
 2  6  9 78  4  4 12 76 13 18  5 69 10 49 11 66  3 79  6 51  7 36  1 20 14 58  8 92  0 84
 5 69  0  8  1 33 13 75 12  9 10 60  7  2  8 42  4  9 11 77  3 33  6 54  9 74  2 53 14 77
 1 20  0 64  6 74  2 26  9 81 11 36 14 28  3 28 13 95  8  2 12 27 10 43  7 36  4 88  5  8
11 85  1  1  3 41  5 31  6 10  9 21  2 80 12 88  7 95 13 92  4 34  0 57  8 93 14 63 10 89